94-Pu-241(n,&gamma;) ENDF/B-VII.1
1.0E-5,22623.6
1.31241E-5,19747.5
1.70876E-5,17305.5
2.2426E-5,15105.2
2.91987E-5,13237.0
3.83206E-5,11553.3
4.98935E-5,10123.9
6.54808E-5,8835.59
8.52562E-5,7741.82
1.11891E-4,6755.84
1.45682E-4,5918.45
1.91195E-4,5163.76
2.48937E-4,4522.57
3.26707E-4,3944.22
4.25373E-4,3452.9
5.58264E-4,3009.56
7.26861E-4,2632.79
9.53941E-4,2292.45
0.00124203,2002.67
0.00163006,1740.79
0.00212234,1517.59
0.00278538,1315.44
0.00380384,1114.46
0.00518342,943.39
0.00680278,809.82
0.00885724,696.746
0.012142,578.781
0.0158747,490.127
0.0207477,413.304
0.024383,372.239
0.0253,363.414
0.033204,304.568
0.041464,264.222
0.0516848,231.546
0.0617907,210.803
0.0738726,195.854
0.0914211,187.348
0.0945254,187.163
0.113008,193.507
0.129087,209.202
0.15254,247.416
0.172496,293.83
0.186552,341.598
0.202589,420.168
0.219708,535.419
0.242417,705.355
0.250899,748.187
0.259655,764.516
0.268191,747.938
0.279902,678.579
0.312461,397.797
0.327099,300.432
0.340643,233.304
0.354323,183.295
0.368004,146.441
0.382368,117.799
0.398785,93.8217
0.415201,76.2559
0.434354,61.2336
0.455559,49.2098
0.480184,39.226
0.506861,31.5383
0.537642,25.2589
0.567129,20.9266
0.602514,17.2093
0.646644,13.8672
0.690571,11.5121
0.741819,9.54747
0.797948,8.01876
0.861398,6.80492
0.949252,5.6614
1.05175,4.79844
1.16889,4.17554
1.31531,3.72794
1.46661,3.5535
1.48126,3.55283
1.60816,3.69515
1.73486,3.93248
1.74091,3.93286
1.8151,3.80264
1.98398,3.27855
2.09623,3.11683
2.25242,3.05719
2.51598,3.17783
2.77954,3.50595
2.97477,3.91313
3.17977,4.58192
3.32619,5.3068
3.44333,6.1379
3.56047,7.34963
3.64832,8.67153
3.73617,10.5919
3.80451,12.7554
3.86156,15.3922
3.91015,18.5591
3.95432,22.6579
3.99217,27.7158
4.02411,33.7739
4.0525,41.3726
4.07734,50.7691
4.09942,62.6022
4.11874,77.3012
4.13451,94.1028
4.14969,116.761
4.16329,145.566
4.17571,182.751
4.18734,231.601
4.19838,295.589
4.20903,378.412
4.22086,498.998
4.23545,687.812
4.26155,1054.77
4.2748,1177.62
4.28539,1210.43
4.29814,1162.93
4.31028,1042.18
4.34545,558.154
4.35843,416.811
4.36899,328.893
4.37955,262.68
4.38973,215.475
4.40083,178.071
4.41415,146.985
4.42635,127.633
4.44189,111.579
4.45743,102.287
4.47297,98.032
4.48073,97.4857
4.50382,101.265
4.5269,111.927
4.5776,143.091
4.59882,147.836
4.61746,143.626
4.64143,127.79
4.69692,77.8799
4.72133,61.1248
4.74409,49.5578
4.76916,40.3789
4.79696,33.2621
4.83032,27.4761
4.86368,23.5459
4.90816,20.0442
4.96376,17.3891
5.03048,15.5855
5.10876,14.5264
5.18705,14.2304
5.31515,14.7972
5.47883,16.7847
5.85958,23.5871
5.96989,24.6974
6.04106,24.8939
6.18339,24.1167
6.39689,21.9267
6.46806,21.7328
6.53567,22.3429
6.60328,24.197
6.65398,27.1762
6.69624,31.6489
6.73004,37.4458
6.75629,44.2218
6.77853,52.3986
6.80077,63.8294
6.82291,79.6317
6.84675,102.756
6.88104,145.987
6.9111,183.499
6.93271,199.974
6.94524,202.804
6.96152,198.28
6.98132,181.712
7.04559,99.583
7.0681,77.2537
7.0897,61.1484
7.11131,49.3233
7.13651,39.4641
7.16172,32.4958
7.19143,26.6888
7.22293,22.3503
7.26074,18.6904
7.31025,15.4435
7.36336,13.1127
7.42818,11.2079
7.511,9.64378
7.60102,8.59097
7.70904,7.88224
7.83867,7.60564
7.93785,7.7941
8.03702,8.42641
8.10781,9.29111
8.17859,10.7292
8.22578,12.2105
8.27533,14.5211
8.3178,17.528
8.35231,21.1605
8.38328,25.9558
8.4054,30.8249
8.42752,37.6192
8.44816,46.6851
8.46645,58.1374
8.48297,72.6012
8.49889,91.7297
8.51541,118.555
8.5337,157.983
8.55729,222.804
8.58914,314.781
8.60519,347.619
8.62326,362.402
8.62406,362.427
8.63822,353.929
8.65804,317.009
8.71125,166.177
8.72894,126.132
8.74516,97.897
8.76168,76.5191
8.77702,61.9394
8.79294,50.7761
8.81211,41.1104
8.83276,33.7771
8.8534,28.5182
8.88004,23.694
8.91199,19.7309
8.94781,16.7287
8.99376,14.205
9.04891,12.343
9.1163,11.0756
9.20821,10.3899
9.23272,10.3506
9.32462,10.6558
9.38589,11.2933
9.44716,12.4773
9.4876,13.8527
9.52191,15.8638
9.54642,18.2801
9.56602,21.243
9.58563,25.5302
9.60769,32.249
9.65713,51.1795
9.67386,55.7531
9.69224,57.7256
9.71182,55.7967
9.73723,48.3693
9.77927,33.0366
9.80295,26.6566
9.82368,22.9053
9.84736,20.2265
9.87697,18.3596
9.91818,17.0613
10.2228,12.7611
10.4655,9.00507
10.6254,7.1497
10.7675,5.96796
10.9333,5.02458
11.1228,4.35837
11.2649,4.06815
11.4781,3.89302
11.5018,3.89104
11.6912,4.00276
11.8807,4.38062
12.0169,4.89035
12.1305,5.55763
12.244,6.59106
12.3238,7.69663
12.3877,8.9612
12.4515,10.7814
12.5058,13.0456
12.5505,15.7094
12.5952,19.4919
12.6351,24.224
12.6782,31.1402
12.7702,49.3531
12.8062,53.966
12.829,54.9832
12.8673,53.1672
12.9382,43.155
12.9867,37.0092
13.0231,34.4557
13.0487,33.8645
13.0906,35.1428
13.1185,37.7352
13.1534,43.5348
13.1804,50.8183
13.2053,61.0568
13.2253,73.1598
13.2434,89.0593
13.2594,109.016
13.2738,134.092
13.2881,168.734
13.3011,211.0
13.3148,270.056
13.3289,349.974
13.3464,477.484
13.3702,697.633
13.4051,1040.69
13.4242,1172.13
13.4438,1222.11
13.4613,1182.04
13.4813,1050.56
13.5369,515.073
13.5543,379.546
13.57,285.0
13.5843,219.677
13.5964,177.511
13.6093,143.262
13.6222,117.553
13.638,94.4798
13.6559,76.2917
13.6737,63.4703
13.694,53.0688
13.7178,44.3751
13.7464,37.0758
13.7831,30.7257
13.8207,26.4113
13.8657,23.0099
13.9167,20.6507
13.9527,19.6478
14.0247,18.8419
14.0895,19.2427
14.1542,20.6723
14.219,23.3085
14.2838,27.5945
14.3342,32.6302
14.3846,40.0042
14.4238,48.2444
14.4584,58.3988
14.4904,71.4218
14.5187,87.4835
14.5462,109.228
14.5714,137.288
14.5934,171.076
14.615,215.601
14.6388,281.503
14.6658,380.222
14.7331,686.108
14.7561,762.512
14.7813,795.742
14.782,795.788
14.8036,773.59
14.8324,682.801
14.9012,371.408
14.9264,280.585
14.948,220.4
14.9691,175.507
14.9912,140.52
15.0146,113.213
15.0398,91.7874
15.0666,75.1836
15.0979,61.1535
15.1345,49.5172
15.1744,40.5281
15.2185,33.4595
15.2737,27.3366
15.3289,23.1505
15.3952,19.7821
15.4599,17.6886
15.5218,16.5184
15.6042,16.0111
15.6704,16.4486
15.7367,17.6993
15.8044,19.8766
15.9551,26.3604
16.0241,27.6729
16.0305,27.6741
16.0965,26.4827
16.2519,20.0914
16.3084,18.7325
16.3461,18.4587
16.3912,18.9577
16.4403,20.8192
16.4795,23.6465
16.5184,27.9858
16.5659,35.5613
16.6437,49.9316
16.6804,53.8428
16.6971,54.3227
16.7343,52.1847
16.776,45.5816
16.8573,29.5944
16.9001,23.2203
16.9377,19.2172
16.9759,16.3488
17.0142,14.3805
17.0601,12.8488
17.1183,11.7979
17.1765,11.4552
17.2347,11.6907
17.2929,12.5012
17.3618,14.3668
17.4192,17.0026
17.4651,20.2324
17.5072,24.6081
17.544,30.2372
17.5746,37.0841
17.6013,45.7622
17.6235,56.2578
17.6413,68.1342
17.6582,83.8501
17.6737,103.968
17.6892,131.812
17.704,168.022
17.719,217.334
17.7349,287.067
17.7524,387.05
17.7732,538.104
17.8276,999.022
17.8484,1121.76
17.8699,1168.95
17.8702,1168.95
17.887,1140.25
17.9062,1043.54
17.9356,810.749
17.9721,499.953
17.9923,360.962
18.0094,269.413
18.025,205.974
18.0392,162.279
18.0533,129.518
18.0675,105.302
18.083,86.153
18.0988,72.4162
18.1179,61.4743
18.1392,54.3393
18.1627,51.0159
18.1736,50.744
18.1971,52.1625
18.2544,58.7446
18.2652,59.0257
18.2906,57.131
18.3203,50.3977
18.3882,28.14
18.4109,22.2707
18.4335,17.8335
18.458,14.4378
18.4833,12.0421
18.5128,10.1796
18.5513,8.57596
18.5975,7.28548
18.6645,6.01622
18.737,5.07088
18.8235,4.27028
18.9408,3.51717
19.065,2.96982
19.2307,2.47822
19.42,2.12084
19.6367,1.88578
19.7992,1.81024
19.8533,1.80563
20.0074,1.86742
20.123,2.02688
20.2096,2.26853
20.2819,2.62307
20.33,3.00047
20.3739,3.5201
20.407,4.09868
20.4401,4.95406
20.4672,6.00104
20.4889,7.20414
20.5106,8.9034
20.5298,11.0087
20.5479,13.6664
20.5683,17.6872
20.59,23.3023
20.6153,31.6208
20.6726,53.1542
20.7007,60.3736
20.7229,62.2858
20.7412,60.981
20.7672,55.0815
20.8091,39.8112
20.8455,26.5388
20.8699,19.5401
20.8888,15.3446
20.9078,12.139
20.9258,9.8479
20.9469,7.89615
20.9662,6.60848
20.9917,5.39726
21.0173,4.55891
21.0468,3.88039
21.0829,3.30711
21.1281,2.82758
21.1822,2.45484
21.2544,2.15435
21.3267,1.98797
21.4085,1.90798
21.4422,1.90383
21.5204,1.96643
21.5726,2.08894
21.6117,2.25932
21.6508,2.56981
21.6733,2.87871
21.6958,3.37252
21.7127,3.94312
21.7296,4.77704
21.7442,5.79679
21.7594,7.24006
21.7763,9.4143
21.7932,12.2858
21.8132,16.6221
21.8467,25.5985
21.8782,33.897
21.8994,37.747
21.9215,39.2315
21.9431,37.8453
21.966,33.6778
22.0313,16.4903
22.052,12.1543
22.0701,9.2462
22.0867,7.26223
22.1026,5.87144
22.1166,4.99045
22.1326,4.2745
22.1526,3.68849
22.1766,3.27302
22.2006,3.04013
22.2417,2.85928
22.2759,2.82082
22.3376,2.89724
22.4198,3.21744
22.4882,3.68742
22.5482,4.30916
22.6029,5.1371
22.6492,6.12919
22.692,7.40643
22.7339,9.14171
22.7759,11.5339
22.8187,14.8098
22.8837,21.2302
22.943,26.9427
22.9816,29.1467
23.0032,29.5284
23.0443,28.4373
23.0929,24.7299
23.1842,16.124
23.2289,12.9607
23.2725,10.7915
23.3127,9.46122
23.3628,8.48525
23.423,8.07041
23.4785,8.2828
23.534,9.02803
23.5937,10.4188
23.6835,13.4601
23.7728,17.3668
23.8155,20.1286
23.847,23.2288
23.8763,27.5932
23.8998,32.6181
23.9262,40.4543
23.9549,52.1343
23.9932,72.4643
24.0513,105.278
24.077,114.732
24.1019,118.02
24.1276,114.539
24.1578,102.648
24.2421,53.6624
24.2708,40.387
24.2959,31.4838
24.3195,25.1712
24.3436,20.4168
24.368,16.9011
24.3982,13.8233
24.4326,11.4288
24.467,9.77855
24.5129,8.2585
24.568,7.00184
24.6426,5.79256
24.7276,4.79222
24.8108,4.09651
24.9092,3.56415
24.991,3.30214
25.0971,3.13837
25.1488,3.11623
25.2865,3.21559
25.4185,3.53033
25.5333,4.02089
25.6441,4.77048
25.7263,5.58981
25.8141,6.85504
25.8824,8.26898
25.9439,10.0423
26.0054,12.5489
26.0571,15.5319
26.105,19.3709
26.1518,24.6146
26.1957,31.4001
26.2404,40.696
26.2947,55.4325
26.3759,80.122
26.4171,89.0771
26.4571,92.2487
26.4852,90.6461
26.5227,84.0288
26.5961,62.6688
26.6574,44.8221
26.7013,34.7432
26.7424,27.5455
26.7871,21.7748
26.8298,17.7429
26.8817,14.2202
26.9336,11.7267
26.9887,9.83692
27.0547,8.2631
27.128,7.12545
27.1828,6.5839
27.2558,6.18524
27.3263,6.0783
27.4773,6.21052
27.5805,6.02607
27.7957,5.16826
27.8901,5.05107
27.9945,5.1962
28.099,5.6418
28.2144,6.54504
28.3132,7.77214
28.4071,9.46482
28.5073,11.9916
28.6395,16.4687
28.7449,20.1478
28.832,22.0796
28.8768,22.3937
28.9691,21.5257
29.1437,17.458
29.2162,16.5399
29.2343,16.5036
29.2747,16.8155
29.3191,17.9793
29.3636,20.2796
29.408,23.8604
29.4912,32.1896
29.5333,34.8284
29.5533,35.159
29.5838,34.3068
29.6175,31.5872
29.6854,22.8992
29.7367,16.4612
29.7761,12.6447
29.8116,10.1233
29.8471,8.31469
29.8892,6.83956
29.9352,5.77272
29.9879,4.98149
30.0405,4.46936
30.0931,4.13666
30.165,3.88009
30.237,3.79712
30.3083,3.86601
30.3974,4.18175
30.4686,4.67371
30.5399,5.48397
30.6023,6.60292
30.6557,8.04842
30.7021,9.86103
30.7457,12.2623
30.7911,15.7311
30.8393,20.6984
30.9583,36.1494
31.001,39.8226
31.0353,40.7502
31.0723,39.4725
31.1229,34.5328
31.233,20.0079
31.2776,15.4061
31.3203,12.0584
31.3631,9.59219
31.4068,7.75671
31.4567,6.249
31.511,5.08491
31.5751,4.12191
31.6446,3.39501
31.7159,2.8653
31.8121,2.36662
31.9101,2.01887
32.0473,1.69648
32.1593,1.52317
32.3274,1.36168
32.4954,1.28816
32.568,1.2811
32.7132,1.31843
32.8222,1.40908
32.9265,1.58587
32.9946,1.79056
33.0513,2.06448
33.0967,2.40354
33.1364,2.84459
33.1761,3.48878
33.2118,4.30072
33.2527,5.5329
33.3485,9.00961
33.3885,9.97976
33.4257,10.2705
33.4656,9.94262
33.5353,8.80543
33.5647,8.63431
33.5933,8.89847
33.6198,9.61794
33.6462,10.831
33.6864,13.5165
33.7555,18.7495
33.7943,20.4018
33.812,20.558
33.8475,19.6393
33.8899,16.7807
33.9694,9.93904
34.004,7.58931
34.0329,6.10173
34.062,5.00036
34.091,4.21247
34.1222,3.62341
34.1616,3.13258
34.209,2.77712
34.2722,2.52676
34.3354,2.42294
34.367,2.40799
34.4506,2.45945
34.5343,2.63487
34.6086,2.92716
34.6644,3.29945
34.7015,3.69777
34.7294,4.15086
34.7582,4.87104
34.781,5.74161
34.8038,7.02951
34.8233,8.60749
34.8428,10.7699
34.8614,13.5034
34.8837,17.795
34.9093,24.1701
34.9513,37.2115
34.9915,49.7236
35.0212,56.1663
35.0491,58.3071
35.0749,56.4229
35.105,50.1069
35.1878,24.3781
35.2141,17.7727
35.2362,13.4766
35.2561,10.5334
35.276,8.33848
35.2959,6.74195
35.318,5.49281
35.3401,4.63275
35.3659,3.95151
35.3954,3.43277
35.4379,2.94941
35.4965,2.5301
35.5668,2.20117
35.6505,1.93397
35.7712,1.68657
35.86,1.58848
35.8885,1.57556
35.9454,1.59466
35.9947,1.70403
36.0317,1.9055
36.0602,2.18353
36.0884,2.61473
36.1181,3.2799
36.1513,4.30206
36.232,7.27702
36.2631,8.00922
36.2872,8.19463
36.3128,7.98145
36.342,7.27556
36.3973,5.20243
36.438,3.70181
36.4683,2.83386
36.4963,2.24364
36.5215,1.86935
36.5503,1.57993
36.5791,1.3935
36.6151,1.25012
36.6583,1.1508
36.7158,1.07849
36.8367,1.02036
36.877,1.0162
37.0451,1.05171
37.2133,1.1644
37.3975,1.38249
37.6071,1.7446
37.7153,2.02205
37.7844,2.3217
37.8304,2.65909
37.8707,3.13973
37.9041,3.76534
37.9352,4.63368
37.9629,5.72094
37.994,7.37658
38.032,10.0408
38.1109,16.4398
38.1501,18.5238
38.1766,18.9882
38.211,18.3275
38.2515,16.1118
38.3179,11.629
38.3481,10.1618
38.3843,9.14124
38.435,8.62844
38.492,8.0537
38.5313,7.17476
38.616,4.68464
38.6479,3.97711
38.6835,3.46121
38.713,3.23167
38.748,3.13472
38.7947,3.20569
38.8647,3.59284
38.9292,4.22541
38.9841,5.05168
39.0321,6.11304
39.0733,7.40985
39.1124,9.12985
39.1508,11.4607
39.1885,14.5347
39.2338,19.3528
39.3359,32.3226
39.3798,36.1685
39.4177,37.3461
39.4545,36.421
39.5083,32.3963
39.5577,28.057
39.5989,25.723
39.6195,25.395
39.6492,26.2433
39.6766,28.6735
39.704,32.9053
39.7344,39.8161
39.7751,52.2661
39.845,75.8044
39.8867,84.4066
39.9083,85.6571
39.9403,83.0082
39.9758,74.5166
40.0775,38.4667
40.1089,29.4415
40.1386,22.7687
40.1683,17.7806
40.1964,14.3371
40.2261,11.7066
40.2591,9.654
40.2967,8.05712
40.3383,6.87299
40.3858,5.9756
40.4452,5.26141
40.5033,4.82486
40.6063,4.39123
40.8915,3.68889
41.3087,2.16591
41.4672,1.73262
41.6124,1.44523
41.7774,1.22095
41.9425,1.08292
42.1075,1.02462
42.1405,1.02404
42.2254,1.04541
42.3103,1.11341
42.374,1.21497
42.4377,1.39297
42.4872,1.62078
42.5294,1.9122
42.5717,2.32753
42.6174,2.94667
42.6857,4.15792
42.7566,5.38994
42.8,5.81166
42.8225,5.87098
42.8675,5.64156
42.9264,4.80158
43.0137,3.29871
43.0573,2.74463
43.0995,2.41506
43.1277,2.32548
43.1586,2.37612
43.1748,2.48222
43.1949,2.71283
43.2183,3.16094
43.2384,3.74389
43.2584,4.55729
43.2811,5.80915
43.3064,7.67253
43.336,10.4632
43.4125,19.0059
43.4453,21.6434
43.4748,22.6267
43.4786,22.6406
43.5072,21.9074
43.5375,19.6907
43.5907,13.8017
43.6322,9.20306
43.6601,6.69504
43.6841,5.01212
43.7064,3.8222
43.7265,3.01873
43.7473,2.40261
43.7697,1.931
43.792,1.6012
43.8143,1.37002
43.8441,1.16163
43.8759,1.01554
43.9183,0.888952
43.9777,0.77842
44.0626,0.684896
44.1856,0.610719
44.3507,0.562217
44.571,0.542408
44.8386,0.559992
45.1063,0.618399
45.3096,0.698834
45.479,0.803654
45.6145,0.927766
45.745,1.10397
45.8576,1.33317
45.9398,1.57728
46.0076,1.85923
46.0753,2.25902
46.1346,2.76521
46.1837,3.36086
46.2312,4.16746
46.2718,5.11654
46.3159,6.50179
46.3616,8.40865
46.426,11.8487
46.5049,16.2642
46.5483,17.9258
46.589,18.5205
46.6269,18.1174
46.6811,16.1657
46.8055,9.69948
46.858,7.62025
46.9003,6.41343
46.9427,5.57415
46.9766,5.12013
47.0211,4.75995
47.0718,4.61649
47.1301,4.739
47.224,5.38283
47.321,6.07762
47.4069,6.27787
47.5015,6.34449
47.5705,6.73363
47.6327,7.52869
47.7011,8.98503
47.7727,11.235
47.8559,14.8106
48.0097,22.3819
48.0727,24.2543
48.1131,24.6158
48.1635,24.0448
48.2341,21.6001
48.4134,12.5869
48.4843,9.76561
48.5505,7.75027
48.6167,6.23392
48.6939,4.93745
48.7711,4.00058
48.8593,3.22771
48.9586,2.61039
49.072,2.11713
49.1808,1.78415
49.3068,1.51347
49.4634,1.29865
49.5884,1.20407
49.71,1.17863
49.8012,1.21465
49.8968,1.32982
49.9728,1.5132
50.0347,1.75812
50.0933,2.10326
50.152,2.58392
50.3216,4.37375
50.3737,4.6809
50.4033,4.72462
50.4571,4.54171
50.5231,3.94312
50.6526,2.45304
50.7112,1.92719
50.7699,1.53617
50.8307,1.24695
50.9002,1.01852
50.9762,0.848909
51.0522,0.731232
51.1608,0.616823
51.2737,0.537601
51.4127,0.472532
51.5691,0.426155
51.7428,0.400303
51.7863,0.398725
51.8896,0.409255
51.9495,0.43494
51.9944,0.478148
52.0319,0.546175
52.0618,0.63615
52.0909,0.768262
52.1179,0.942681
52.1449,1.17626
52.1805,1.57775
52.2746,2.87065
52.3117,3.21596
52.3438,3.31836
52.3783,3.19672
52.415,2.8383
52.5105,1.5113
52.5411,1.16135
52.5681,0.91828
52.5951,0.734733
52.6212,0.605785
52.6482,0.511768
52.6797,0.438548
52.7157,0.386149
52.7607,0.347341
52.8184,0.318959
52.9336,0.289855
53.0812,0.27182
53.3513,0.258908
53.4447,0.258154
53.6648,0.265896
53.7886,0.283549
53.8505,0.304332
53.8969,0.335251
53.932,0.377774
53.9646,0.444799
53.9908,0.528434
54.0169,0.649938
54.0417,0.80994
54.0692,1.04855
54.1022,1.4245
54.1565,2.20365
54.2081,2.91939
54.2436,3.23005
54.2704,3.30559
54.3044,3.18419
54.3374,2.86276
54.4402,1.40812
54.4708,1.06228
54.4987,0.820301
54.5234,0.660173
54.5485,0.542513
54.5726,0.463059
54.6001,0.401639
54.6276,0.361823
54.6723,0.324598
54.7239,0.303154
54.7927,0.289478
54.9577,0.280339
55.1486,0.286719
55.281,0.299931
55.3841,0.319155
55.4529,0.342396
55.5031,0.37318
55.5427,0.416474
55.5743,0.474447
55.602,0.553227
55.6302,0.67324
55.6563,0.832874
55.6825,1.0504
55.7119,1.37313
55.7494,1.89953
55.8326,3.20829
55.8656,3.55926
55.9003,3.69478
55.9303,3.59361
55.9605,3.30568
56.0101,2.57839
56.0678,1.67759
56.1015,1.25741
56.129,0.995083
56.1566,0.801879
56.1806,0.681034
56.2081,0.585973
56.2381,0.520322
56.268,0.480818
56.3079,0.452451
56.3842,0.434724
56.4172,0.43402
56.5655,0.453547
56.6854,0.489583
56.7933,0.546373
56.8472,0.598566
56.8962,0.685453
56.9288,0.785767
56.9574,0.919707
56.9834,1.09406
57.0116,1.35342
57.0397,1.69679
57.0803,2.33454
57.1625,3.79808
57.1996,4.24332
57.2345,4.38662
57.2683,4.24354
57.3043,3.83413
57.3988,2.35612
57.4362,1.92003
57.4665,1.68304
57.5039,1.52296
57.5413,1.4806
57.5889,1.54973
57.6364,1.72361
57.6839,1.99662
57.7374,2.43983
57.7968,3.12125
57.9519,5.31339
58.0175,5.93725
58.1011,6.30262
58.1641,6.3671
58.2641,6.18331
58.369,5.57486
58.5578,4.15743
58.6599,3.6723
58.762,3.46319
58.796,3.45117
58.8987,3.58321
59.0014,3.97895
59.0921,4.57106
59.2255,5.82967
59.3645,7.16827
59.4532,7.55651
59.4646,7.56449
59.5479,7.3304
59.78,5.56784
59.855,5.30637
59.8898,5.29728
59.9488,5.47571
60.0079,5.95374
60.0522,6.57654
60.1039,7.72134
60.1469,9.18997
60.1816,10.8907
60.2163,13.246
60.2523,16.6177
60.2875,21.114
60.3255,27.5537
60.3724,37.877
60.4821,66.1762
60.5286,74.1745
60.5644,76.3936
60.5983,74.8983
60.6483,67.0507
60.7764,35.6004
60.8208,26.9178
60.8603,21.0335
60.8986,16.7863
60.9378,13.6037
60.9793,11.148
61.0209,9.3446
61.0787,7.54651
61.141,6.21433
61.2137,5.17416
61.2914,4.47365
61.3769,4.04204
61.4714,3.86572
61.4804,3.86292
61.5663,3.94971
61.6737,4.34862
61.7811,5.1007
61.8945,6.30794
62.1133,9.14223
62.211,9.795
62.2363,9.82774
62.3014,9.62954
62.4099,8.5311
62.6341,5.32803
62.7426,4.12712
62.8457,3.28739
62.9542,2.65322
63.0627,2.20218
63.1848,1.84422
63.3068,1.5939
63.4425,1.40231
63.6233,1.24605
63.7928,1.18047
63.8426,1.17643
63.9533,1.20426
64.0177,1.26595
64.0607,1.35037
64.1036,1.50179
64.1358,1.68616
64.1734,2.01253
64.211,2.4915
64.2553,3.2696
64.3625,5.52912
64.4073,6.09656
64.435,6.19497
64.4762,5.95607
64.5295,5.11082
64.6165,3.40109
64.6565,2.81227
64.6958,2.42175
64.7236,2.24866
64.7584,2.12942
64.7932,2.09161
64.8454,2.13823
64.9324,2.39041
65.0052,2.73859
65.088,3.32247
65.1586,4.06111
65.2189,4.97115
65.2706,6.07048
65.3223,7.61552
65.3706,9.63872
65.4188,12.4268
65.4653,16.0076
65.5239,21.8187
65.638,34.8331
65.6904,39.0811
65.74,40.593
65.7924,39.118
65.8479,34.6761
65.9771,20.8059
66.0314,16.2984
66.0736,13.7566
66.1081,12.2902
66.1426,11.3335
66.1857,10.8196
66.1943,10.8079
66.2383,11.2523
66.2785,12.4869
66.3186,14.6773
66.3579,17.9048
66.4028,22.9948
66.4825,34.7251
66.5472,43.5919
66.5899,46.9656
66.6154,47.5703
66.6545,46.2621
66.703,41.3152
66.8373,20.7274
66.8805,15.4605
66.9198,11.7965
66.9552,9.32677
66.9933,7.37157
67.0326,5.93584
67.0742,4.86358
67.1219,4.00597
67.1791,3.30734
67.2459,2.76558
67.3223,2.36114
67.4177,2.05294
67.5131,1.89473
67.6029,1.86249
67.6794,1.93762
67.7304,2.063
67.7814,2.287
67.826,2.6226
67.8643,3.09368
67.8978,3.73917
67.9265,4.56069
67.9504,5.51318
67.9759,6.88567
68.0025,8.81058
68.0317,11.6375
68.0622,15.4953
68.1002,21.587
68.2022,40.9399
68.2422,46.2991
68.2825,48.3618
68.2839,48.3638
68.317,47.0327
68.3574,42.2153
68.4233,30.0205
68.4775,19.9045
68.5125,14.5967
68.5412,11.1784
68.5699,8.56133
68.5944,6.88569
68.6209,5.53969
68.6475,4.5842
68.6741,3.92438
68.7059,3.41807
68.7378,3.13925
68.7718,3.03711
68.8092,3.14435
68.84,3.44
68.8647,3.86038
68.8903,4.53563
68.9151,5.50682
68.9399,6.89126
68.9648,8.80472
68.9896,11.3647
69.0164,14.9667
69.048,20.396
69.0905,29.5615
69.1686,47.8084
69.2064,54.1252
69.2456,56.8121
69.2491,56.8305
69.2856,54.8253
69.3278,48.1298
69.4378,22.6967
69.4713,16.369
69.4997,12.1287
69.5257,9.12078
69.5494,7.03186
69.573,5.45617
69.5937,4.41724
69.6186,3.49448
69.6434,2.83529
69.6724,2.29892
69.6972,1.97504
69.7339,1.64267
69.7694,1.42332
69.8167,1.22026
69.8758,1.04727
69.9507,0.899123
70.0493,0.771002
70.1478,0.686403
70.2711,0.616626
70.4043,0.569361
70.5819,0.536118
70.7343,0.528461
70.8975,0.541312
71.0607,0.584308
71.1695,0.646318
71.2348,0.715544
71.2935,0.827062
71.3327,0.950461
71.3719,1.13705
71.41,1.40173
71.4516,1.80532
71.5035,2.47451
71.5917,3.74669
71.6387,4.21965
71.6848,4.37995
71.7266,4.24647
71.7994,3.60268
71.859,3.05333
71.897,2.83558
71.9311,2.76352
71.9653,2.81475
72.0108,3.06363
72.068,3.62293
72.2223,5.71849
72.2911,6.33057
72.3316,6.43495
72.3893,6.21355
72.4536,5.53451
72.6117,3.26786
72.6812,2.49469
72.742,2.00036
72.8027,1.64643
72.8659,1.38875
72.9418,1.18236
73.0127,1.05774
73.1037,0.962522
73.1948,0.921705
73.2403,0.919591
73.3352,0.960278
73.3985,1.03807
73.4459,1.1484
73.4854,1.30696
73.5186,1.52525
73.5439,1.77654
73.5692,2.13761
73.5945,2.65278
73.6173,3.29325
73.6426,4.25847
73.6679,5.5525
73.6957,7.42211
73.7261,10.042
73.7644,14.1631
73.8538,25.0344
73.894,28.5534
73.9341,29.9728
73.9375,29.9819
73.9746,28.9342
74.0135,25.8414
74.082,17.7072
74.1317,11.8621
74.1639,8.75737
74.1936,6.49618
74.2191,5.00198
74.2446,3.87265
74.2701,3.04579
74.2934,2.49922
74.3155,2.12234
74.345,1.77647
74.3745,1.55391
74.404,1.41105
74.4482,1.28607
74.522,1.19866
74.5764,1.18277
74.6668,1.20799
74.7872,1.31722
74.9077,1.51492
75.0131,1.78663
75.1024,2.12882
75.1766,2.5394
75.2446,3.08137
75.3002,3.72138
75.3466,4.48172
75.3883,5.45726
75.4231,6.60421
75.4579,8.21602
75.4907,10.3633
75.5208,13.0816
75.551,16.749
75.5815,21.6757
75.6163,29.0448
75.6557,39.8224
75.7137,59.553
75.7886,85.4887
75.8263,94.5726
75.8697,98.8454
75.8727,98.8615
75.916,95.0646
75.9664,82.5176
76.0792,43.2919
76.1186,31.9746
76.1534,24.1116
76.1859,18.5146
76.2129,14.9702
76.2446,11.8729
76.277,9.61252
76.3095,8.0265
76.342,6.9187
76.3791,6.05821
76.4223,5.42619
76.4733,5.0338
76.5244,4.93493
76.5769,5.13799
76.6163,5.56049
76.6492,6.18887
76.682,7.22072
76.7083,8.49804
76.7346,10.3791
76.759,12.9035
76.7804,15.941
76.8019,19.9784
76.8263,26.1262
76.8488,33.5162
76.8734,43.7973
76.904,60.2119
76.9409,85.0614
77.0397,163.925
77.082,188.688
77.1205,198.491
77.1274,198.731
77.1679,190.679
77.2102,167.334
77.3211,79.782
77.3545,57.9216
77.3836,42.6376
77.4099,31.8636
77.4334,24.4342
77.4569,18.7631
77.4804,14.5262
77.5016,11.6819
77.5262,9.24684
77.5509,7.51225
77.5791,6.12633
77.6073,5.16641
77.639,4.41164
77.6813,3.72698
77.7342,3.15809
77.8082,2.63608
77.8963,2.22964
78.0021,1.90664
78.1125,1.67983
78.2629,1.48059
78.4133,1.36389
78.6388,1.29808
78.8268,1.33125
79.0148,1.4558
79.1558,1.63364
79.2732,1.86808
79.3907,2.23085
79.4788,2.64598
79.5523,3.15605
79.611,3.74904
79.6609,4.4755
79.705,5.40614
79.7446,6.63266
79.7784,8.14168
79.8078,9.97278
79.8372,12.4836
79.8665,15.9082
79.8959,20.5111
79.9253,26.5556
79.9591,35.5543
79.9987,49.0152
80.0661,77.1496
80.1248,101.074
80.1729,114.011
80.2093,117.233
80.2499,113.331
80.2905,102.416
80.3629,73.0577
80.4245,47.9488
80.465,34.7036
80.4998,25.9657
80.5317,19.9494
80.5626,15.6601
80.5936,12.5807
80.6245,10.4175
80.6554,8.92369
80.6941,7.71301
80.7327,6.99846
80.7714,6.62524
80.81,6.50973
80.868,6.75215
80.926,7.52384
80.9733,8.65586
81.0168,10.232
81.0603,12.482
81.1086,15.9695
81.1618,21.1701
81.2338,30.228
81.3202,41.4875
81.3686,45.9475
81.4208,47.8772
81.4663,46.7395
81.5268,41.6614
81.6796,22.6253
81.7361,17.1045
81.7843,13.5513
81.8324,10.9284
81.8806,9.02886
81.9322,7.5723
81.9942,6.35764
82.0527,5.56036
82.125,4.87792
82.1972,4.42056
82.2936,4.05649
82.4037,3.9178
82.507,4.07006
82.5741,4.37242
82.6412,4.94318
82.6859,5.58112
82.7307,6.58496
82.7642,7.73144
82.796,9.30572
82.827,11.5002
82.8546,14.2104
82.8821,17.8613
82.9113,23.0322
82.9423,30.2405
82.9784,41.1642
83.0232,58.3234
83.1243,102.529
83.1652,115.532
83.2075,121.642
83.2161,121.809
83.2593,117.059
83.3049,103.268
83.4267,50.5867
83.4672,36.2627
83.5005,27.0488
83.5296,20.8192
83.5574,16.2798
83.5851,12.8655
83.6143,10.2335
83.6434,8.33607
83.6767,6.80955
83.71,5.75232
83.7488,4.90512
83.7904,4.29031
83.8459,3.75668
83.9014,3.42464
83.9902,3.14509
84.13,3.02089
84.3342,2.88307
84.5117,2.73601
84.5228,2.73565
84.6338,2.83178
84.7337,3.11469
84.8169,3.56209
84.8862,4.18762
84.9417,4.98788
84.9889,6.03192
85.0305,7.39329
85.0679,9.12752
85.1037,11.3788
85.1436,14.7275
85.189,19.7168
85.253,28.6225
85.3462,42.2969
85.4054,48.4728
85.4591,51.1751
85.4863,51.5176
85.5568,50.0271
85.6575,44.2793
85.746,36.3205
85.8927,20.2079
85.9491,15.2918
85.9935,12.3562
86.0416,10.0482
86.0849,8.60659
86.1296,7.59341
86.1832,6.83048
86.241,6.39598
86.307,6.27256
86.3637,6.47387
86.4204,7.04216
86.4676,7.95169
86.5055,9.14763
86.5385,10.7308
86.5716,13.0625
86.6,15.9037
86.6301,20.0708
86.661,25.9621
86.6919,33.8675
86.7237,44.424
86.7624,60.7672
86.8191,90.5387
86.8949,131.724
86.943,149.69
86.9867,155.391
87.0284,149.99
87.0765,132.287
87.2046,63.4198
87.2415,47.1999
87.2721,36.381
87.3027,27.8949
87.333,21.5324
87.3631,16.8651
87.3933,13.497
87.4242,11.0501
87.4535,9.42617
87.487,8.15462
87.5205,7.32456
87.5539,6.81238
87.6092,6.47996
87.6138,6.47671
87.6594,6.62822
87.7071,7.1271
87.7682,8.2272
87.9162,11.7598
87.9771,12.558
88.0039,12.6245
88.0547,12.2193
88.1163,10.9103
88.2716,6.26269
88.3294,4.90743
88.3842,3.96081
88.439,3.29927
88.4887,2.88797
88.5496,2.55648
88.6105,2.35243
88.6917,2.20589
88.8102,2.14648
89.0409,2.27188
89.2303,2.35567
89.3673,2.28844
89.599,1.95735
89.7571,1.72372
89.8887,1.61337
89.9282,1.60386
90.0138,1.63556
90.083,1.73314
90.1521,1.92948
90.2097,2.20714
90.2673,2.63596
90.3249,3.26732
90.3855,4.18885
90.4731,5.93146
90.5606,7.6908
90.6062,8.3353
90.6666,8.65386
90.7248,8.30375
90.7826,7.40963
90.9347,4.21337
90.9925,3.23528
91.0467,2.54142
91.0921,2.11112
91.1405,1.78133
91.1889,1.56271
91.2275,1.46042
91.2662,1.42279
91.3049,1.45383
91.3436,1.55761
91.3982,1.8233
91.5219,2.63119
91.574,2.80718
91.5915,2.81811
91.64,2.70922
91.696,2.36575
91.8127,1.40785
91.8602,1.10473
91.9009,0.917985
91.9416,0.793508
91.9741,0.732173
92.0164,0.695514
92.0294,0.693445
92.0685,0.715336
92.1077,0.790235
92.1404,0.911396
92.1666,1.06322
92.1927,1.28049
92.2188,1.58091
92.2482,2.04082
92.2782,2.66431
92.3102,3.51761
92.3556,5.03338
92.4544,8.71294
92.5014,9.8878
92.5417,10.234
92.5815,9.89338
92.6274,8.75689
92.7118,5.62043
92.7604,3.89421
92.7979,2.8196
92.8286,2.13594
92.8563,1.66431
92.8829,1.32255
92.9102,1.06696
92.9375,0.887034
92.9648,0.763973
92.999,0.66667
93.04,0.603826
93.0924,0.573602
93.1096,0.571728
93.1726,0.590885
93.2299,0.647119
93.2745,0.729091
93.3149,0.85009
93.3503,1.01017
93.3857,1.24105
93.4211,1.56456
93.4592,2.03926
93.5017,2.73998
93.5556,3.86518
93.6419,5.81533
93.6937,6.65737
93.7415,6.95312
93.7433,6.95363
93.7822,6.77553
93.8226,6.24017
93.89,4.83587
93.9696,3.06259
94.0141,2.26649
94.0507,1.7596
94.0864,1.38749
94.1221,1.11834
94.1528,0.952708
94.1936,0.80082
94.241,0.691575
94.2885,0.626921
94.3518,0.580063
94.4584,0.553506
94.4701,0.553129
94.587,0.569618
94.7163,0.629421
94.8263,0.72492
94.9226,0.861035
95.0051,1.03762
95.0835,1.27621
95.1798,1.67774
95.3578,2.55092
95.4484,2.83822
95.5844,3.06366
95.6284,3.27094
95.6615,3.57192
95.6978,4.12381
95.7317,4.91543
95.7704,6.2103
95.8133,8.16161
95.9432,15.4926
95.9892,17.1889
96.0276,17.6655
96.0723,17.0144
96.1239,14.8738
96.2428,7.90056
96.2821,6.01376
96.3158,4.7524
96.3495,3.81672
96.3832,3.16689
96.4183,2.73303
96.4534,2.47944
96.5019,2.31575
96.6889,2.14908
96.9046,1.70406
96.9945,1.62365
97.0632,1.65427
97.1319,1.77745
97.203,2.01679
97.2741,2.38194
97.3902,3.20639
97.513,4.08188
97.6221,4.55749
97.7349,4.96736
97.8003,5.48993
97.8552,6.31187
97.9024,7.45775
97.9418,8.85037
97.9813,10.7573
98.0275,13.8048
98.0727,17.7637
98.1311,24.3617
98.2643,42.1145
98.3222,47.5776
98.3771,49.4374
98.4201,48.2649
98.4756,43.6778
98.573,30.9712
98.6506,20.9588
98.7043,15.4988
98.7521,11.8203
98.7939,9.41196
98.836,7.60777
98.8811,6.20254
98.9262,5.19818
98.9733,4.45417
99.0312,3.83112
99.0891,3.4343
99.147,3.20383
99.2223,3.10527
99.3092,3.24902
99.3961,3.66672
99.4992,4.47698
99.6393,5.69421
99.7067,6.03225
99.7459,6.08891
99.82,5.88426
99.9058,5.21916
100.088,3.36153
100.171,2.70359
100.257,2.225
100.343,1.92096
100.428,1.7428
100.522,1.6528
100.573,1.63971
100.692,1.68396
100.837,1.84781
100.944,2.0807
101.008,2.35016
101.059,2.73103
101.101,3.24955
101.135,3.86406
101.167,4.64994
101.206,5.95743
101.244,7.71212
101.292,10.4802
101.417,19.3969
101.469,22.0558
101.516,23.0055
101.519,23.0103
101.567,22.1702
101.618,19.655
101.756,9.83021
101.8,7.27127
101.839,5.51004
101.875,4.31885
101.91,3.44557
101.946,2.81851
101.986,2.34064
102.033,1.98576
102.087,1.74226
102.14,1.59528
102.235,1.44744
102.44,1.27901
102.669,1.14118
102.833,1.09715
102.921,1.12388
102.997,1.20756
103.054,1.34506
103.091,1.50421
103.129,1.75569
103.162,2.09342
103.194,2.56624
103.221,3.14726
103.249,3.93302
103.276,4.97453
103.308,6.54202
103.341,8.71214
103.381,11.9668
103.438,17.8307
103.521,26.7933
103.572,30.6555
103.62,31.9398
103.664,30.8072
103.705,28.0142
103.774,20.8783
103.845,13.1371
103.886,9.51398
103.921,7.05069
103.951,5.35535
103.981,4.05605
104.011,3.1141
104.037,2.49695
104.066,1.97515
104.096,1.60017
104.128,1.31135
104.165,1.07972
104.209,0.899123
104.258,0.761658
104.321,0.646509
104.394,0.553896
104.487,0.474544
104.616,0.400756
104.768,0.344434
104.971,0.296961
105.236,0.260499
105.557,0.237877
105.878,0.230822
106.164,0.236622
106.451,0.256899
106.666,0.286973
106.845,0.328958
106.989,0.381962
107.116,0.455117
107.208,0.534737
107.281,0.627304
107.34,0.733829
107.396,0.880128
107.44,1.05084
107.479,1.26332
107.517,1.55827
107.553,1.94778
107.589,2.48906
107.621,3.13666
107.657,4.1099
107.697,5.53394
107.741,7.52073
107.808,11.2683
107.891,15.9912
107.944,18.0629
107.991,18.706
108.031,18.2717
108.085,16.381
108.167,11.8493
108.234,8.09205
108.279,6.01654
108.317,4.64684
108.352,3.68326
108.388,2.94913
108.424,2.43369
108.46,2.08831
108.497,1.87101
108.542,1.73022
108.582,1.6968
108.622,1.72965
108.676,1.86096
108.743,2.15429
108.82,2.66265
109.011,4.25604
109.081,4.63912
109.135,4.73372
109.201,4.58883
109.281,4.09772
109.462,2.59771
109.536,2.1471
109.613,1.83337
109.685,1.65165
109.995,1.17408
110.162,0.904126
110.255,0.797371
110.405,0.691894
110.72,0.514438
110.939,0.389823
111.083,0.33028
111.218,0.291214
111.405,0.256557
111.578,0.238543
111.817,0.229923
112.028,0.237644
112.21,0.261145
112.323,0.28918
112.407,0.322278
112.491,0.37374
112.559,0.439882
112.606,0.508913
112.653,0.61077
112.694,0.742685
112.729,0.903451
112.762,1.11118
112.796,1.40033
112.83,1.78609
112.868,2.35242
112.907,3.1007
112.959,4.36232
113.087,7.97187
113.137,8.95178
113.19,9.347
113.191,9.3472
113.243,8.98106
113.298,7.90032
113.436,4.02297
113.485,2.90724
113.525,2.19475
113.56,1.69796
113.594,1.34424
113.628,1.0771
113.662,0.881187
113.701,0.721872
113.74,0.611175
113.782,0.527255
113.839,0.453645
113.91,0.397373
113.967,0.369162
114.068,0.341375
114.169,0.334291
114.274,0.348109
114.353,0.379278
114.413,0.425001
114.459,0.48084
114.505,0.565323
114.55,0.691117
114.593,0.860564
114.635,1.08548
114.685,1.43567
114.755,2.05689
114.845,2.88635
114.904,3.25308
114.951,3.35833
115.004,3.25038
115.056,2.95081
115.202,1.74445
115.251,1.44657
115.293,1.27236
115.338,1.16451
115.386,1.12555
115.401,1.12519
115.585,1.2449
115.597,1.24546
115.661,1.21322
115.751,1.0832
115.9,0.808096
115.987,0.701797
116.074,0.652985
116.118,0.647388
116.214,0.670894
116.321,0.748439
116.427,0.882199
116.509,1.04022
116.591,1.26774
116.663,1.54762
116.73,1.91222
116.8,2.43316
116.874,3.18269
116.959,4.31196
117.128,6.86935
117.201,7.60908
117.264,7.82089
117.319,7.6389
117.387,6.98995
117.528,4.87917
117.624,3.49547
117.695,2.68967
117.761,2.12428
117.827,1.70383
117.894,1.38938
117.964,1.15118
118.046,0.951221
118.143,0.790739
118.252,0.669822
118.362,0.59509
118.467,0.561096
118.494,0.559276
118.573,0.576719
118.634,0.625116
118.681,0.691088
118.736,0.813009
118.795,1.00537
118.89,1.4204
118.973,1.77877
119.038,1.94247
119.068,1.96314
119.117,1.91443
119.183,1.70981
119.339,1.00087
119.398,0.794491
119.443,0.681502
119.487,0.601253
119.535,0.545212
119.582,0.513276
119.651,0.498077
119.724,0.511665
119.81,0.561184
119.883,0.633044
119.991,0.785131
120.127,1.0051
120.219,1.1036
120.279,1.12265
120.367,1.08237
120.607,0.818514
120.691,0.763294
120.785,0.740918
120.899,0.762749
121.013,0.831399
121.13,0.951681
121.236,1.11283
121.341,1.34098
121.441,1.64326
121.532,2.0268
121.611,2.47328
121.69,3.08472
121.759,3.82494
121.824,4.78054
121.887,6.03021
121.962,8.00028
122.086,12.213
122.173,14.9661
122.218,15.9085
122.275,16.3731
122.339,15.837
122.404,14.2811
122.584,8.41351
122.65,6.7338
122.704,5.75555
122.757,5.09898
122.802,4.79902
122.832,4.72933
122.878,4.88094
122.921,5.37108
122.957,6.1471
122.993,7.36311
123.029,9.14028
123.067,11.7783
123.108,15.5788
123.152,20.8177
123.236,33.1346
123.307,43.1491
123.362,47.9461
123.398,49.005
123.445,47.5777
123.496,42.7844
123.571,31.8576
123.65,19.9698
123.696,14.3427
123.731,10.8357
123.766,8.15698
123.795,6.4312
123.826,5.0314
123.855,4.03574
123.888,3.20209
123.917,2.67368
123.952,2.21047
123.995,1.83752
124.032,1.60916
124.093,1.36392
124.176,1.15266
124.272,0.99248
124.411,0.835523
124.583,0.704444
124.756,0.614973
124.955,0.547199
125.154,0.509385
125.311,0.499575
125.458,0.50999
125.579,0.543336
125.668,0.598518
125.734,0.67148
125.811,0.802135
125.907,1.03702
126.006,1.29211
126.068,1.39751
126.127,1.4267
126.2,1.3622
126.327,1.09363
126.436,0.872196
126.52,0.760063
126.608,0.692685
126.699,0.659841
126.778,0.651645
126.941,0.673575
127.136,0.755772
127.31,0.884886
127.461,1.05704
127.59,1.27118
127.701,1.53298
127.791,1.83586
127.865,2.20951
127.917,2.59785
127.962,3.08103
127.999,3.65568
128.036,4.46925
128.07,5.49525
128.105,6.97842
128.138,8.86914
128.17,11.3391
128.207,15.02
128.245,19.9036
128.294,27.8953
128.436,55.7791
128.494,63.8866
128.544,66.5766
128.548,66.5886
128.597,64.3279
128.643,58.5575
128.723,43.3674
128.805,27.285
128.854,19.4455
128.893,14.5402
128.929,11.0903
128.961,8.69303
128.992,6.94114
129.024,5.6119
129.061,4.49937
129.092,3.82338
129.134,3.19973
129.183,2.74164
129.238,2.4272
129.293,2.24348
129.375,2.11966
129.4,2.10923
129.472,2.14142
129.564,2.32448
129.649,2.66326
129.723,3.13973
129.796,3.82479
129.881,4.87687
130.097,8.28626
130.181,9.90612
130.227,11.1742
130.272,13.0592
130.313,15.6047
130.35,18.8945
130.387,23.4094
130.429,30.3781
130.475,40.5014
130.539,58.1111
130.648,91.5742
130.709,104.372
130.762,108.291
130.809,105.112
130.867,93.7178
130.958,65.9822
131.035,42.7307
131.08,31.5967
131.122,23.4978
131.158,18.0166
131.195,13.8411
131.23,10.8315
131.265,8.60423
131.304,6.81582
131.346,5.47428
131.393,4.43218
131.445,3.64204
131.502,3.04465
131.565,2.58814
131.643,2.18964
131.729,1.88706
131.846,1.61521
131.986,1.42336
132.08,1.35184
132.226,1.31099
132.382,1.35685
132.499,1.4607
132.629,1.6685
132.735,1.93898
132.843,2.34814
132.926,2.79392
133.009,3.41464
133.076,4.13607
133.13,5.00465
133.177,6.12152
133.219,7.57326
133.255,9.36165
133.29,11.7039
133.329,15.2085
133.368,19.8441
133.411,26.3729
133.47,37.5608
133.583,61.1416
133.643,69.9476
133.697,72.6859
133.752,69.6569
133.803,62.3496
133.898,42.3022
133.969,27.8372
134.016,20.0825
134.051,15.4677
134.088,11.7342
134.123,8.99996
134.158,6.97601
134.192,5.56936
134.229,4.45244
134.266,3.66598
134.303,3.10778
134.345,2.65616
134.404,2.23273
134.474,1.90089
134.557,1.64185
134.674,1.39462
134.806,1.20723
134.994,1.02384
135.206,0.884617
135.417,0.795741
135.615,0.757601
135.68,0.756781
135.81,0.780865
135.907,0.83716
135.971,0.913628
136.02,1.01267
136.068,1.17779
136.109,1.40056
136.141,1.6649
136.174,2.03781
136.206,2.55599
136.238,3.26125
136.271,4.19685
136.307,5.57274
136.348,7.56311
136.399,10.7283
136.533,20.2127
136.592,22.9749
136.64,23.7383
136.69,22.9104
136.75,20.0252
136.9,9.50703
136.947,6.85916
136.986,5.10296
137.02,3.95036
137.053,3.06725
137.087,2.42055
137.121,1.96081
137.151,1.67207
137.189,1.42709
137.234,1.24972
137.28,1.15342
137.346,1.09824
137.368,1.09506
137.453,1.13236
137.546,1.2553
137.634,1.46659
137.708,1.74635
137.776,2.11704
137.844,2.63069
137.923,3.44162
138.036,4.94592
138.145,6.42129
138.217,7.08847
138.284,7.30305
138.352,7.07355
138.43,6.34245
138.634,3.6479
138.713,2.8461
138.785,2.3179
138.86,1.93558
138.923,1.72234
138.999,1.55926
139.074,1.47108
139.144,1.44106
139.245,1.4733
139.345,1.597
139.44,1.8232
139.515,2.12674
139.571,2.47484
139.628,2.99486
139.674,3.62426
139.72,4.5206
139.762,5.65822
139.8,7.09219
139.838,8.93477
139.881,11.7434
139.932,16.009
139.994,22.5145
140.125,37.8457
140.178,42.3262
140.233,44.3469
140.243,44.3938
140.298,42.8462
140.352,38.8034
140.451,27.528
140.531,18.3356
140.583,13.5775
140.629,10.3035
140.666,8.28059
140.707,6.57284
140.748,5.32734
140.791,4.39314
140.834,3.7474
140.878,3.30524
140.921,3.00544
140.979,2.75716
141.057,2.60387
141.084,2.58827
141.176,2.64864
141.269,2.88448
141.338,3.19767
141.419,3.76998
141.486,4.49823
141.54,5.34126
141.594,6.52514
141.642,7.9769
141.689,9.87181
141.735,12.3867
141.787,16.1522
141.843,21.33
141.914,29.6259
142.047,46.613
142.111,52.4128
142.177,54.6395
142.224,53.5072
142.291,48.4137
142.395,35.5449
142.488,23.8557
142.546,17.8419
142.602,13.4091
142.649,10.5521
142.698,8.32526
142.746,6.69868
142.796,5.44204
142.856,4.36119
142.914,3.61926
142.983,2.97853
143.066,2.43763
143.153,2.04206
143.264,1.68333
143.397,1.39195
143.542,1.18069
143.673,1.05267
143.831,0.954883
143.988,0.905859
144.093,0.898835
144.233,0.926235
144.338,0.983359
144.455,1.10212
144.543,1.24705
144.645,1.49881
144.764,1.9163
144.952,2.67147
145.055,2.92669
145.127,2.97972
145.29,2.82064
145.379,2.74592
145.462,2.82564
145.525,3.05926
145.589,3.52056
145.641,4.13539
145.692,5.02565
145.743,6.27566
145.798,8.1116
145.859,10.79
145.966,16.6674
146.059,21.5703
146.126,23.7692
146.172,24.2306
146.236,23.3468
146.31,20.4186
146.476,11.2843
146.538,8.48722
146.589,6.66378
146.64,5.30728
146.69,4.3009
146.737,3.61518
146.801,2.94095
146.869,2.4605
146.951,2.06874
147.054,1.72743
147.18,1.43416
147.333,1.17844
147.469,1.02102
147.604,0.914858
147.746,0.849967
147.901,0.828672
148.018,0.849736
148.134,0.914479
148.221,1.00952
148.293,1.14345
148.352,1.31351
148.405,1.55129
148.45,1.84743
148.495,2.26851
148.54,2.85874
148.586,3.66468
148.631,4.72501
148.685,6.35948
148.778,9.84515
148.872,13.2667
148.936,14.7104
148.979,15.0225
149.032,14.5987
149.091,13.1892
149.21,8.86392
149.286,6.23986
149.338,4.84447
149.384,3.93105
149.425,3.33793
149.466,2.92929
149.518,2.62764
149.565,2.50832
149.581,2.49607
149.645,2.55799
149.724,2.83911
149.818,3.4171
149.96,4.62957
150.067,5.54812
150.142,5.96006
150.206,6.08017
150.287,5.90922
150.502,4.72615
150.583,4.47324
150.632,4.42953
150.769,4.64054
150.921,4.90926
151.02,4.75822
151.129,4.21949
151.363,2.59002
151.46,2.0668
151.548,1.72601
151.636,1.49236
151.741,1.31941
151.874,1.21837
151.972,1.20224
152.133,1.24314
152.625,1.44116
152.75,1.55138
152.841,1.71117
152.932,1.98639
153.005,2.34023
153.07,2.79796
153.136,3.4429
153.201,4.33134
153.274,5.67438
153.365,7.87691
153.516,11.9567
153.594,13.4682
153.669,13.9956
153.745,13.4588
153.825,11.8962
154.019,6.72336
154.092,5.11755
154.159,3.99813
154.219,3.24246
154.283,2.63736
154.347,2.19981
154.419,1.85594
154.491,1.61873
154.567,1.45063
154.653,1.343
154.724,1.31342
154.793,1.34294
154.87,1.46906
154.935,1.68707
154.987,1.97067
155.038,2.38646
155.09,2.96733
155.148,3.84643
155.222,5.28903
155.364,8.38014
155.43,9.34742
155.488,9.63796
155.548,9.32771
155.614,8.35502
155.79,4.62431
155.849,3.63906
155.901,3.03129
155.949,2.68006
155.984,2.54422
156.023,2.49872
156.081,2.59621
156.242,3.23656
156.305,3.32697
156.366,3.22007
156.435,2.88183
156.611,1.62162
156.676,1.24977
156.73,1.02587
156.783,0.876585
156.835,0.78081
156.887,0.725995
156.962,0.697437
156.974,0.696895
157.059,0.714748
157.312,0.830522
157.386,0.839496
157.552,0.799464
157.716,0.746661
157.77,0.741457
157.886,0.763609
158.002,0.839514
158.089,0.941047
158.176,1.09672
158.255,1.31182
158.321,1.56812
158.386,1.93582
158.442,2.38746
158.495,2.9552
158.554,3.8226
158.617,5.04915
158.69,6.89263
158.874,12.2335
158.946,13.6703
159.03,14.3278
159.044,14.3416
159.186,13.9793
159.259,14.2865
159.445,16.8105
159.481,16.9352
159.548,16.2926
159.618,14.3701
159.799,7.01117
159.855,5.20868
159.901,4.07988
159.94,3.36476
159.973,2.92853
160.013,2.57035
160.059,2.34313
160.099,2.28423
160.148,2.36137
160.198,2.59174
160.256,3.04878
160.322,3.8155
160.411,5.19828
160.533,7.23249
160.605,8.03592
160.665,8.27552
160.721,8.08182
160.799,7.21565
161.003,3.7383
161.069,2.86269
161.124,2.32422
161.173,1.97736
161.215,1.7861
161.254,1.68104
161.294,1.64876
161.353,1.72731
161.41,1.92845
161.581,2.81042
161.648,2.99071
161.67,3.00239
161.732,2.89343
161.796,2.59161
161.97,1.44607
162.026,1.15588
162.083,0.945514
162.131,0.825909
162.187,0.73542
162.248,0.684502
162.346,0.658614
162.36,0.658336
162.575,0.693296
162.817,0.732215
162.865,0.733756
163.076,0.713166
163.419,0.65374
163.468,0.651643
163.632,0.670539
163.775,0.73207
163.89,0.824983
164.008,0.976612
164.12,1.18639
164.271,1.5701
164.457,2.06413
164.576,2.24367
164.617,2.26129
164.727,2.19153
164.871,1.91077
165.038,1.55632
165.136,1.42917
165.253,1.3846
165.549,1.48249
165.562,1.48265
165.674,1.47528
165.77,1.50704
165.864,1.62429
166.025,1.90974
166.086,1.94431
166.159,1.87469
166.248,1.63794
166.4,1.11318
166.462,0.966445
166.514,0.902121
166.54,0.896431
166.574,0.920726
166.615,1.00611
166.649,1.13536
166.683,1.33017
166.717,1.60444
166.751,1.97257
166.794,2.59014
166.838,3.41464
166.895,4.78047
167.039,8.70421
167.1,9.84899
167.16,10.2675
167.16,10.2675
167.215,9.93054
167.27,8.99445
167.437,4.85423
167.484,3.94776
167.528,3.33855
167.577,2.92314
167.626,2.74848
167.643,2.732
167.71,2.80903
167.837,3.05619
167.858,3.06244
167.931,2.97206
168.079,2.5313
168.135,2.45382
168.195,2.53274
168.242,2.7494
168.298,3.1974
168.36,3.94645
168.452,5.44787
168.563,7.36514
168.644,8.29246
168.7,8.49048
168.751,8.31647
168.826,7.5093
169.039,3.88652
169.105,3.0143
169.162,2.45646
169.212,2.10813
169.269,1.84209
169.341,1.66101
169.426,1.59052
169.652,1.64247
169.757,1.59367
169.871,1.43722
170.143,0.904897
170.257,0.736154
170.364,0.625912
170.489,0.545249
170.596,0.508861
170.667,0.502116
170.752,0.523406
170.803,0.562535
170.854,0.634817
170.896,0.731598
170.939,0.872757
170.981,1.06845
171.032,1.38836
171.095,1.89912
171.237,3.25652
171.3,3.68161
171.361,3.83024
171.42,3.69057
171.483,3.27535
171.649,1.73889
171.702,1.3485
171.752,1.0678
171.794,0.895328
171.836,0.774651
171.879,0.695215
171.944,0.630124
172.021,0.608004
172.032,0.607829
172.141,0.630827
172.257,0.6923
172.345,0.767291
172.432,0.882547
172.514,1.04908
172.593,1.28634
172.686,1.67205
172.863,2.56575
172.958,2.89846
173.049,2.9969
173.27,2.76553
173.355,2.84012
173.408,3.01627
173.466,3.36963
173.522,3.91959
173.571,4.65298
173.619,5.68191
173.667,7.141
173.71,8.94546
173.758,11.5979
173.807,15.3012
173.861,20.5346
173.933,29.3876
174.081,49.8623
174.144,56.0846
174.211,58.7544
174.215,58.7691
174.283,56.6236
174.368,48.8
174.488,35.7583
174.542,32.0425
174.583,30.9388
174.625,31.5553
174.669,34.1452
174.728,40.5122
174.889,64.9957
174.958,71.3964
174.998,72.396
175.054,69.9668
175.112,63.2265
175.21,46.0039
175.303,29.2955
175.356,21.57
175.401,16.3361
175.443,12.6175
175.484,9.79668
175.525,7.71645
175.567,6.21388
175.612,5.05887
175.657,4.26245
175.708,3.64283
175.773,3.13592
175.859,2.71393
175.952,2.41743
176.098,2.12089
176.253,1.92409
176.397,1.84265
176.506,1.90233
176.583,2.07743
176.645,2.35425
176.707,2.80586
176.769,3.47583
176.841,4.54881
177.016,7.65625
177.083,8.42364
177.135,8.62596
177.191,8.40979
177.267,7.47911
177.449,4.23614
177.509,3.40504
177.561,2.88568
177.61,2.54658
177.673,2.27758
177.812,1.98223
177.946,1.67465
178.104,1.25547
178.159,1.15259
178.233,1.07527
178.277,1.06417
178.343,1.0969
178.409,1.18561
178.497,1.37911
178.699,1.94578
178.797,2.10363
178.836,2.11767
178.922,2.03989
179.009,1.83397
179.212,1.21114
179.305,0.999794
179.386,0.880922
179.467,0.817355
179.549,0.79915
179.667,0.830522
179.899,0.93848
179.955,0.944019
180.062,0.914482
180.202,0.809467
180.412,0.623581
180.54,0.545421
180.645,0.505725
180.813,0.478176
180.841,0.476912
181.052,0.490562
181.262,0.541774
181.451,0.626686
181.599,0.730771
181.721,0.857773
181.83,1.01889
181.918,1.20198
182.005,1.46381
182.076,1.76855
182.14,2.17611
182.194,2.66579
182.242,3.28482
182.291,4.15229
182.334,5.20796
182.377,6.61345
182.425,8.66227
182.477,11.606
182.533,15.7393
182.611,22.7136
182.732,34.3281
182.793,38.6802
182.861,40.8993
182.872,40.9605
182.936,39.612
183.013,34.7067
183.186,19.0091
183.246,14.6449
183.299,11.6581
183.35,9.56725
183.404,8.03011
183.466,6.83838
183.554,5.79669
183.895,2.815
183.991,2.15045
184.07,1.73595
184.145,1.46075
184.207,1.30943
184.282,1.21575
184.319,1.20367
184.382,1.23265
184.45,1.3263
184.625,1.67398
184.709,1.73905
184.78,1.68048
184.846,1.53882
185.054,0.877206
185.128,0.693848
185.196,0.574544
185.269,0.487497
185.357,0.424772
185.445,0.388292
185.515,0.369526
185.718,0.339695
185.991,0.328209
186.236,0.340366
186.42,0.371898
186.512,0.403242
186.604,0.458359
186.665,0.520713
186.711,0.590555
186.765,0.71126
186.81,0.857254
186.855,1.05813
186.9,1.32699
186.951,1.7199
187.011,2.3257
187.123,3.71494
187.217,4.79679
187.277,5.22907
187.325,5.34352
187.388,5.16599
187.456,4.609
187.64,2.40649
187.7,1.82263
187.752,1.43647
187.805,1.15662
187.854,0.976092
187.907,0.850691
187.961,0.778892
188.03,0.740834
188.056,0.738683
188.134,0.763126
188.22,0.842772
188.288,0.957943
188.348,1.1193
188.398,1.32782
188.449,1.63246
188.495,2.02069
188.542,2.5617
188.588,3.28265
188.642,4.37982
188.71,6.14228
188.878,11.2462
188.943,12.6511
189.012,13.273
189.018,13.2794
189.088,12.8368
189.275,9.55092
189.342,8.99525
189.354,8.97645
189.411,9.24437
189.491,10.4433
189.615,12.8629
189.692,13.6166
189.709,13.6387
189.772,13.2155
189.848,11.7792
190.046,6.27704
190.112,4.82375
190.172,3.84701
190.232,3.14854
190.291,2.66757
190.363,2.28598
190.464,1.9573
190.626,1.63125
190.858,1.29027
191.063,1.06712
191.274,0.915549
191.485,0.837487
191.626,0.823052
191.819,0.853887
191.963,0.922958
192.104,1.04161
192.243,1.22923
192.359,1.46123
192.468,1.7634
192.599,2.25465
192.922,3.77499
193.035,4.08593
193.097,4.13051
193.212,3.95643
193.344,3.42813
193.58,2.27579
193.705,1.8104
193.815,1.51419
193.926,1.31142
194.036,1.18011
194.202,1.07926
194.313,1.06037
194.454,1.08345
194.594,1.15968
194.738,1.30324
194.862,1.5026
194.962,1.73868
195.061,2.08161
195.148,2.51226
195.23,3.07382
195.319,3.90198
195.43,5.27417
195.688,9.03621
195.787,10.0172
195.882,10.3487
195.983,9.9655
196.107,8.65382
196.316,5.88623
196.383,5.26453
196.437,4.98551
196.468,4.94532
196.516,5.1004
196.563,5.56755
196.61,6.40081
196.658,7.63151
196.725,10.0109
196.881,16.6219
196.947,18.4449
196.998,18.9028
197.058,18.2724
197.126,16.2334
197.298,8.84201
197.352,7.02302
197.4,5.86645
197.436,5.29046
197.474,4.93601
197.509,4.81144
197.562,4.96148
197.615,5.44541
197.7,6.70743
197.847,9.3021
197.93,10.2599
197.993,10.481
198.074,10.0554
198.17,8.71813
198.349,5.55795
198.428,4.47386
198.498,3.75987
198.585,3.15482
198.684,2.74664
198.79,2.50039
198.959,2.30204
199.926,1.75195
200.01,1.7305
200.138,1.77151
200.22,1.89626
200.289,2.10845
200.358,2.46018
200.427,2.97825
200.531,4.03191
200.65,5.29429
200.724,5.78579
200.776,5.89988
200.85,5.68529
200.94,4.94872
201.104,3.23146
201.178,2.65447
201.25,2.29015
201.306,2.12711
201.386,2.03508
201.4,2.03303
201.494,2.10009
201.599,2.31319
201.704,2.67176
201.788,3.09868
201.87,3.70396
201.937,4.41332
202.005,5.42566
202.065,6.71124
202.123,8.47736
202.172,10.4791
202.223,13.2868
202.276,17.0089
202.339,22.7996
202.417,31.9585
202.593,55.7423
202.675,63.1293
202.74,65.085
202.8,63.4183
202.871,57.5707
202.983,43.0514
203.09,28.4837
203.159,20.864
203.215,16.0212
203.267,12.456
203.32,9.74549
203.376,7.6031
203.424,6.23414
203.483,5.02686
203.55,4.04414
203.618,3.35119
203.698,2.76202
203.788,2.30168
203.896,1.91547
204.019,1.61185
204.153,1.38828
204.32,1.21037
204.521,1.1021
204.669,1.0856
204.807,1.12512
204.91,1.20237
205.008,1.33565
205.093,1.53016
205.168,1.80475
205.232,2.17029
205.285,2.61795
205.339,3.25456
205.387,4.0464
205.44,5.24005
205.492,6.77298
205.551,9.04807
205.625,12.6576
205.783,21.1646
205.847,23.6554
205.911,24.8765
205.929,24.9403
205.987,24.3045
206.048,22.3474
206.148,17.3662
206.27,10.7882
206.335,7.94333
206.389,6.11197
206.438,4.79318
206.488,3.81377
206.534,3.13496
206.588,2.57464
206.634,2.24728
206.68,2.0302
206.741,1.8863
206.769,1.87179
206.812,1.92154
206.858,2.09677
206.894,2.34843
206.931,2.73425
206.967,3.29308
207.003,4.07038
207.039,5.11543
207.08,6.6706
207.125,8.93336
207.174,12.0475
207.247,17.8266
207.38,29.1802
207.45,33.1631
207.51,34.3445
207.57,33.1436
207.63,29.8437
207.73,21.5593
207.822,13.6511
207.879,9.67638
207.925,7.1112
207.967,5.2988
208.005,4.0477
208.043,3.10211
208.076,2.47179
208.114,1.94911
208.148,1.61219
208.19,1.31472
208.232,1.11406
208.274,0.978158
208.331,0.859446
208.4,0.772883
208.492,0.70941
208.631,0.669795
208.677,0.666128
208.822,0.678697
208.966,0.725543
209.117,0.812742
209.302,0.97369
209.665,1.40296
209.808,1.625
209.909,1.86734
209.998,2.1971
210.094,2.70932
210.292,4.04418
210.389,4.45404
210.438,4.51051
210.525,4.32507
210.614,3.80483
210.814,2.28508
210.9,1.78554
210.968,1.49793
211.037,1.30109
211.105,1.17783
211.197,1.09814
211.26,1.0844
211.367,1.11703
211.494,1.22634
211.708,1.52477
211.924,1.82435
212.056,1.90207
212.081,1.90294
212.202,1.84242
212.357,1.63879
212.595,1.25108
212.696,1.13746
212.772,1.10481
212.847,1.14565
212.91,1.25861
212.973,1.45969
213.052,1.83714
213.213,2.78956
213.29,3.09265
213.344,3.15915
213.416,3.04344
213.51,2.62466
213.64,1.91642
213.713,1.64502
213.771,1.53449
213.8,1.51733
213.859,1.55985
213.921,1.72038
213.983,2.00734
214.044,2.42085
214.109,3.04708
214.182,3.98928
214.269,5.46728
214.465,9.35264
214.543,10.4404
214.623,10.8691
214.703,10.5028
214.794,9.26037
215.009,5.11763
215.086,3.92063
215.15,3.14327
215.214,2.5526
215.278,2.11759
215.351,1.76851
215.426,1.52324
215.501,1.35672
215.621,1.19373
215.77,1.09555
215.907,1.06715
216.085,1.08982
216.308,1.19663
216.53,1.39289
216.715,1.63754
216.907,1.99671
217.071,2.44229
217.191,2.92581
217.276,3.4321
217.353,4.08369
217.43,5.01383
217.507,6.31796
217.587,8.12431
217.731,12.2999
217.841,15.2691
217.924,16.5591
217.973,16.7406
218.055,16.0051
218.152,13.7687
218.341,8.06736
218.419,6.24383
218.476,5.25375
218.529,4.58135
218.57,4.24247
218.624,3.99691
218.651,3.95747
218.708,4.04546
218.783,4.48638
218.874,5.39689
219.028,7.18217
219.109,7.74462
219.153,7.8284
219.215,7.65073
219.301,6.87237
219.45,4.73265
219.556,3.26833
219.625,2.52082
219.69,1.97276
219.748,1.61591
219.816,1.3054
219.885,1.08976
219.953,0.939239
220.045,0.803423
220.159,0.695934
220.274,0.629918
220.411,0.590844
220.457,0.588546
220.549,0.608993
220.626,0.669361
220.69,0.771489
220.742,0.903769
220.793,1.09552
220.851,1.39675
220.915,1.84589
221.006,2.64888
221.109,3.59856
221.189,4.12967
221.262,4.3052
221.264,4.30528
221.329,4.17041
221.414,3.66371
221.586,2.29145
221.657,1.85302
221.718,1.58334
221.794,1.35964
221.895,1.18425
222.301,0.735096
222.453,0.605436
222.587,0.525324
222.761,0.462138
222.97,0.426394
223.122,0.418502
223.368,0.429663
223.614,0.468676
223.818,0.530825
223.898,0.573374
223.979,0.644189
224.039,0.734474
224.089,0.851848
224.133,0.998125
224.182,1.23734
224.232,1.57339
224.282,2.01955
224.342,2.73059
224.427,3.9994
224.548,5.8604
224.622,6.61213
224.682,6.81689
224.749,6.56987
224.83,5.70645
224.993,3.30961
225.06,2.53538
225.117,2.07037
225.159,1.83906
225.201,1.69541
225.257,1.62148
225.313,1.65782
225.384,1.82606
225.479,2.20554
225.715,3.42619
225.819,3.76811
225.882,3.83377
225.974,3.71346
226.088,3.27807
226.317,2.12619
226.414,1.76416
226.488,1.57628
226.576,1.44918
226.635,1.42123
226.724,1.45861
226.836,1.6212
227.11,2.26728
227.203,2.56693
227.266,2.90656
227.316,3.34942
227.361,3.99886
227.401,4.85346
227.438,5.96028
227.474,7.48832
227.51,9.55959
227.547,12.3099
227.587,16.2863
227.627,21.4254
227.673,29.0341
227.73,40.7297
227.816,62.4339
227.919,89.5184
227.986,102.692
228.053,108.732
228.068,108.935
228.128,105.448
228.198,93.7013
228.308,65.8469
228.4,42.3728
228.453,31.063
228.499,23.2718
228.544,17.3214
228.583,13.3279
228.622,10.3032
228.661,8.07408
228.699,6.51104
228.735,5.45753
228.78,4.56141
228.815,4.08871
228.858,3.72179
228.916,3.46239
228.987,3.37221
229.073,3.49092
229.162,3.84077
229.248,4.4176
229.345,5.38714
229.476,7.18397
229.621,9.20536
229.7,9.92114
229.772,10.1467
229.868,9.7317
229.985,8.35017
230.183,5.43664
230.278,4.37801
230.363,3.70434
230.449,3.26101
230.54,2.9673
230.698,2.70044
230.874,2.56612
230.96,2.55292
231.347,2.73492
231.5,2.66274
231.793,2.30925
231.92,2.26093
232.03,2.3407
232.139,2.56859
232.235,2.93797
232.311,3.41509
232.378,4.0606
232.436,4.90657
232.478,5.81247
232.522,7.1315
232.56,8.74556
232.599,10.9596
232.637,13.9835
232.674,17.9055
232.711,23.0824
232.752,30.6528
232.793,40.5087
232.838,54.369
232.889,73.9286
232.96,108.101
233.118,193.056
233.185,218.27
233.253,229.032
233.26,229.135
233.32,222.28
233.383,201.938
233.481,152.041
233.594,91.445
233.652,65.8517
233.701,48.5593
233.746,36.0634
233.788,27.2595
233.827,20.9284
233.866,16.2539
233.904,12.8516
233.943,10.4534
233.976,9.03114
234.013,8.01405
234.051,7.44984
234.082,7.31469
234.126,7.58868
234.164,8.2326
234.208,9.45094
234.265,11.7342
234.341,15.857
234.493,25.184
234.571,28.2822
234.626,28.9881
234.693,27.9751
234.769,24.6094
234.969,11.5899
235.028,8.49024
235.076,6.49426
235.124,4.96069
235.167,3.94517
235.21,3.19335
235.253,2.67535
235.291,2.37961
235.34,2.15109
235.397,2.06816
235.45,2.12451
235.521,2.36329
235.592,2.75921
235.726,3.78447
235.848,4.70713
235.939,5.08357
235.974,5.11953
236.054,4.95307
236.145,4.39214
236.376,2.38867
236.46,1.81783
236.531,1.461
236.593,1.23433
236.664,1.05827
236.728,0.964842
236.792,0.930275
236.842,0.948837
236.899,1.03101
236.947,1.16525
236.996,1.37951
237.044,1.68752
237.093,2.10092
237.152,2.73863
237.25,4.06309
237.359,5.54599
237.438,6.23681
237.497,6.39961
237.564,6.18208
237.643,5.48347
237.798,3.72773
237.858,3.23948
237.911,2.99368
237.963,2.91722
238.022,3.01117
238.125,3.48043
238.263,4.17131
238.348,4.32744
238.435,4.16435
238.522,3.71142
238.753,2.03665
238.836,1.56888
238.91,1.25846
238.974,1.0604
239.04,0.914732
239.112,0.807151
239.184,0.736962
239.298,0.675732
239.412,0.654347
239.574,0.669984
239.737,0.734191
239.862,0.824444
239.986,0.967438
240.096,1.15951
240.189,1.39996
240.273,1.70131
240.361,2.12502
240.464,2.79607
240.601,3.95571
240.76,5.35584
240.87,5.98861
240.945,6.1252
241.045,5.88835
241.15,5.21032
241.4,3.05907
241.498,2.3971
241.592,1.9288
241.691,1.58397
241.795,1.35112
241.898,1.20908
242.021,1.11883
242.162,1.08966
242.338,1.13551
242.494,1.24481
242.651,1.42538
242.803,1.69353
242.932,2.04114
243.025,2.41468
243.107,2.90666
243.179,3.5408
243.241,4.31052
243.303,5.36454
243.369,6.90266
243.447,9.26899
243.552,13.392
243.7,19.425
243.793,21.7867
243.849,22.2099
243.924,21.5003
244.016,18.9248
244.214,11.2324
244.291,8.88163
244.357,7.46026
244.419,6.62658
244.488,6.14792
244.541,6.04141
244.647,6.22166
244.807,6.59611
244.818,6.59849
244.911,6.42045
245.027,5.70982
245.297,3.17962
245.397,2.42819
245.485,1.93578
245.575,1.57173
245.658,1.33817
245.742,1.17814
245.853,1.04917
245.936,1.00407
245.992,0.997968
246.092,1.0435
246.184,1.16705
246.268,1.36921
246.35,1.66018
246.491,2.33353
246.603,2.86542
246.696,3.14775
246.751,3.20166
246.843,3.0864
246.957,2.66284
247.134,1.86324
247.216,1.59481
247.292,1.43757
247.371,1.36288
247.397,1.3568
247.485,1.40122
247.579,1.56152
247.657,1.81297
247.712,2.0909
247.764,2.47943
247.81,2.96803
247.856,3.66071
247.897,4.52204
247.937,5.64114
247.976,7.13333
248.015,9.09634
248.055,11.639
248.099,15.3259
248.151,20.8692
248.211,29.0371
248.298,43.6755
248.43,66.9379
248.506,76.2898
248.579,79.5224
248.58,79.5224
248.651,76.4606
248.722,68.0953
248.924,34.0587
248.978,26.7963
249.024,22.0762
249.07,18.8384
249.107,17.3235
249.149,16.7205
249.191,17.2365
249.239,19.04
249.304,23.0205
249.458,34.9191
249.531,38.576
249.587,39.4795
249.658,37.8801
249.738,32.8654
249.93,15.7804
249.99,11.4496
250.042,8.4539
250.089,6.39426
250.131,5.01719
250.175,3.96865
250.217,3.24485
250.258,2.75658
250.3,2.42551
250.349,2.16926
250.435,1.92364
250.664,1.46869
250.883,0.953755
250.987,0.756763
251.092,0.612505
251.197,0.51349
251.312,0.440878
251.473,0.377998
251.67,0.331783
251.89,0.300697
252.143,0.282368
252.269,0.279621
252.47,0.286227
252.692,0.310667
252.98,0.34415
253.066,0.346635
253.479,0.327874
253.681,0.337078
253.87,0.369091
254.025,0.416938
254.148,0.475379
254.266,0.559816
254.369,0.667957
254.458,0.799863
254.546,0.982652
254.634,1.23087
254.741,1.63346
255.012,2.90544
255.124,3.25036
255.195,3.32384
255.296,3.2115
255.416,2.80965
255.637,1.86087
255.731,1.55795
255.813,1.37905
255.894,1.27711
255.97,1.24573
256.08,1.2939
256.227,1.48305
256.425,1.78483
256.553,1.87724
256.572,1.87978
256.7,1.82873
256.979,1.58733
257.039,1.57416
257.158,1.6342
257.247,1.7734
257.34,2.03154
257.418,2.38089
257.481,2.79007
257.539,3.32049
257.594,4.01486
257.648,4.97158
257.703,6.28588
257.753,7.88834
257.811,10.3722
257.87,13.651
257.937,18.4677
258.029,26.8094
258.195,42.942
258.269,47.9135
258.35,50.0211
258.352,50.0223
258.424,48.4261
258.503,43.4562
258.644,29.898
258.746,20.3216
258.816,14.9895
258.878,11.2846
258.935,8.7489
258.991,6.86904
259.043,5.61371
259.099,4.64097
259.155,3.98137
259.226,3.47623
259.298,3.22149
259.368,3.15533
259.448,3.23723
259.735,3.99826
259.826,4.07135
259.925,3.92959
260.04,3.49304
260.331,1.95601
260.441,1.50335
260.538,1.20759
260.639,0.982973
260.748,0.811707
260.879,0.670821
261.04,0.555867
261.214,0.473936
261.389,0.418206
261.661,0.362919
261.964,0.33024
262.267,0.320121
262.518,0.329152
262.706,0.349868
262.909,0.392838
263.083,0.456727
263.222,0.533792
263.378,0.656745
263.53,0.827521
263.841,1.27694
263.927,1.35255
263.979,1.36721
264.076,1.32219
264.179,1.17876
264.425,0.699547
264.525,0.549662
264.606,0.46374
264.707,0.392165
264.807,0.349179
264.944,0.319017
265.097,0.308786
265.221,0.314327
265.376,0.340974
265.468,0.37272
265.561,0.425029
265.642,0.499609
265.71,0.59448
265.768,0.714743
265.827,0.883634
265.886,1.11654
265.945,1.42872
266.008,1.86651
266.085,2.54779
266.305,4.81389
266.377,5.32055
266.459,5.53278
266.522,5.40109
266.589,5.0015
266.705,3.90145
266.841,2.5012
266.913,1.89776
266.975,1.49304
267.037,1.19096
267.097,0.981212
267.146,0.85648
267.206,0.753676
267.265,0.689703
267.344,0.647859
267.401,0.640486
267.494,0.659879
267.607,0.728206
267.723,0.849226
267.854,1.05098
268.02,1.39917
268.29,2.03298
268.439,2.26327
268.592,2.33518
268.788,2.29022
268.892,2.36046
268.969,2.55759
269.047,2.94399
269.124,3.54933
269.331,5.7273
269.42,6.33171
269.47,6.43369
269.547,6.19642
269.63,5.4787
269.838,2.93965
269.91,2.25446
269.972,1.80947
270.033,1.50138
270.084,1.32502
270.13,1.21535
270.218,1.09731
270.314,1.05524
270.33,1.05409
270.425,1.07312
270.553,1.16347
270.658,1.30743
270.745,1.49754
270.833,1.77967
270.922,2.19742
271.011,2.7854
271.103,3.60129
271.227,4.99702
271.391,6.93324
271.473,7.64211
271.567,7.99952
271.582,8.00487
271.667,7.75845
271.775,6.86055
272.042,3.67201
272.139,2.75134
272.228,2.11488
272.303,1.71442
272.392,1.36843
272.476,1.13841
272.573,0.950341
272.684,0.806364
272.809,0.703776
272.935,0.645473
273.065,0.625142
273.179,0.646383
273.26,0.692724
273.341,0.776669
273.418,0.904564
273.495,1.09269
273.582,1.38795
273.696,1.90045
273.868,2.73841
273.961,3.03946
274.032,3.12237
274.122,3.02367
274.215,2.71631
274.45,1.61341
274.545,1.26734
274.622,1.06362
274.699,0.925944
274.777,0.843864
274.876,0.803938
274.897,0.803815
274.981,0.830365
275.069,0.908165
275.162,1.05657
275.244,1.25618
275.337,1.57785
275.444,2.06859
275.659,3.16564
275.754,3.47477
275.838,3.56434
275.938,3.43655
276.104,2.87872
276.25,2.40642
276.324,2.27008
276.41,2.21863
276.497,2.2758
276.626,2.51884
276.923,3.2731
277.071,3.4318
277.086,3.4328
277.213,3.32683
277.374,2.95463
277.68,2.07547
277.832,1.76044
277.984,1.54948
278.301,1.277
278.849,0.831415
279.034,0.727743
279.183,0.692491
279.195,0.692229
279.295,0.710051
279.373,0.754788
279.45,0.835694
279.54,0.987024
279.643,1.243
279.894,2.0469
279.992,2.24352
280.058,2.28144
280.139,2.21116
280.243,1.95693
280.479,1.1582
280.564,0.931188
280.64,0.783083
280.697,0.704693
280.767,0.643032
280.855,0.615554
280.863,0.615519
280.954,0.642582
281.037,0.708085
281.161,0.865803
281.356,1.14972
281.454,1.2316
281.507,1.24404
281.609,1.19943
281.748,1.02874
281.945,0.745021
282.04,0.645107
282.129,0.58235
282.247,0.538374
282.348,0.527816
282.499,0.543501
282.7,0.607474
282.876,0.70253
283.052,0.845627
283.202,1.0235
283.33,1.24043
283.455,1.54079
283.578,1.95399
283.711,2.5615
284.057,4.56498
284.192,5.00593
284.246,5.05101
284.36,4.88026
284.511,4.24056
284.658,3.53621
284.731,3.32531
284.774,3.28871
284.831,3.38093
284.893,3.72763
284.944,4.23721
285.0,5.10125
285.066,6.5317
285.146,8.86113
285.324,14.7786
285.409,16.7074
285.482,17.2552
285.551,16.6826
285.636,14.7109
285.862,6.92209
285.932,4.98111
285.99,3.73221
286.043,2.87455
286.091,2.30468
286.14,1.87917
286.189,1.5901
286.232,1.43
286.274,1.33681
286.321,1.3012
286.371,1.33667
286.422,1.45056
286.472,1.6516
286.523,1.95404
286.582,2.45771
286.642,3.17357
286.714,4.27908
286.809,6.13828
286.956,9.1671
287.035,10.3192
287.116,10.7733
287.12,10.7737
287.197,10.3822
287.285,9.11485
287.507,4.51619
287.574,3.37252
287.637,2.53152
287.69,2.00406
287.742,1.62926
287.787,1.40831
287.832,1.26912
287.876,1.2025
287.891,1.19502
287.945,1.22357
287.998,1.3299
288.074,1.58995
288.257,2.39674
288.346,2.64028
288.393,2.67733
288.472,2.57949
288.544,2.33483
288.764,1.24763
288.838,0.960676
288.902,0.776376
288.959,0.662967
289.027,0.578016
289.086,0.539455
289.164,0.521928
289.281,0.538967
289.477,0.62118
289.937,0.873888
290.386,1.05523
290.58,1.20608
290.769,1.3659
290.877,1.39981
290.999,1.34507
291.122,1.19298
291.396,0.746377
291.5,0.613652
291.605,0.516508
291.71,0.450132
291.841,0.399134
291.991,0.37011
292.127,0.362995
292.264,0.371931
292.4,0.399359
292.517,0.443226
292.634,0.515473
292.736,0.612683
292.838,0.752759
292.948,0.962173
293.106,1.34989
293.301,1.83649
293.45,2.07018
293.674,2.28695
293.773,2.52716
293.865,2.93551
293.977,3.67783
294.138,4.87631
294.232,5.31412
294.291,5.38808
294.383,5.15343
294.48,4.50419
294.704,2.46302
294.785,1.85936
294.861,1.42421
294.928,1.13887
294.987,0.955732
295.063,0.79166
295.139,0.68618
295.23,0.611022
295.318,0.572768
295.454,0.554386
295.601,0.573134
295.748,0.628846
295.867,0.712666
295.962,0.823102
296.033,0.953535
296.091,1.11487
296.15,1.35021
296.203,1.652
296.256,2.06993
296.309,2.63914
296.367,3.47573
296.421,4.50865
296.491,6.1757
296.596,9.29777
296.76,14.4215
296.869,16.7534
296.992,17.9708
297.178,19.0255
297.355,21.6143
297.516,23.9466
297.585,24.2559
297.683,23.6038
297.795,21.2786
297.933,16.6451
298.114,9.92188
298.203,7.23177
298.273,5.59533
298.338,4.48388
298.401,3.74678
298.464,3.30285
298.513,3.13013
298.553,3.08449
298.592,3.11142
298.672,3.34199
298.798,4.01723
298.933,4.79306
299.03,5.12144
299.081,5.16404
299.176,4.97587
299.284,4.38714
299.549,2.38987
299.643,1.83903
299.725,1.4751
299.806,1.21141
299.893,1.01898
299.979,0.896917
300.0,0.87415
300.0,6.77228
350.0,6.29155
418.435,5.70442
450.0,5.43362
537.989,4.60656
550.0,4.49365
600.0,3.71363
650.0,3.14215
700.0,2.88534
750.0,2.80824
800.0,2.78924
850.0,2.78925
900.0,2.79932
950.0,2.83759
1000.0,2.85664
1195.53,2.71722
1250.0,2.67838
1494.41,2.56612
1500.0,2.56355
1750.0,2.30221
2000.0,2.09488
2391.06,1.83608
2500.0,1.76398
2988.82,1.61584
3000.0,1.61246
3500.0,1.49745
4184.35,1.37391
4500.0,1.31692
5379.88,1.20711
5500.0,1.19212
6500.0,1.08529
7500.0,1.00143
8966.47,0.924622
9500.0,0.896677
11357.5,0.835566
12250.0,0.806205
14645.2,0.752785
15000.0,0.744873
17932.9,0.692613
20000.0,0.655781
23910.6,0.60808
25000.0,0.594792
29888.2,0.55618
35000.0,0.515803
40200.0,0.486422
40200.0,0.483178
52400.0,0.428024
75000.0,0.367625
97700.0,0.32387
145000.0,0.26395
169700.0,0.243499
180000.0,0.232081
232000.0,0.201651
318850.0,0.170735
336400.0,0.163601
400000.0,0.14933
500000.0,0.13602
800000.0,0.11224
997042.0,0.11129
1200000.0,0.11224
1600000.0,0.0995397
1850000.0,0.0822425
2250000.0,0.0609543
2500000.0,0.050876
2800000.0,0.041981
3150000.0,0.0344427
3700000.0,0.025742
4100000.0,0.020846
4625000.0,0.016354
5135000.0,0.01322
5750000.0,0.01046
6375000.0,0.008425
7000000.0,0.0069079
8000000.0,0.0050909
8750000.0,0.0040785
9500000.0,0.0033275
1.05E7,0.0025788
1.15E7,0.0020314
1.25E7,0.0016324
1.3625E7,0.00130265
1.475E7,0.00106
1.7E7,7.45121E-4
2.0E7,4.97702E-4
