E(MeV)  pendfb7/B10:2
1e-11  39.763342
1.02999e-11  39.1816718
1.06087e-11  38.6087332
1.09269e-11  38.0439549
1.12544e-11  37.4878273
1.1592e-11  36.9395614
1.19395e-11  36.3996458
1.22976e-11  35.8673882
1.26662e-11  35.3432388
1.30462e-11  34.8264576
1.34372e-11  34.317684
1.38403e-11  33.8160174
1.42552e-11  33.3220862
1.46827e-11  32.8351347
1.51229e-11  32.3555763
1.55765e-11  31.8827821
1.60434e-11  31.4173106
1.65246e-11  30.9583674
1.70199e-11  30.5064699
1.75304e-11  30.0609823
1.80559e-11  29.6222592
1.85975e-11  29.1897734
1.9155e-11  28.7639066
1.97295e-11  28.3440865
2.03209e-11  27.9306628
2.09305e-11  27.5230775
2.15579e-11  27.1218003
2.22045e-11  26.726162
2.28701e-11  26.336613
2.35561e-11  25.9525457
2.42622e-11  25.5744155
2.49899e-11  25.201621
2.5739e-11  24.8345423
2.6511e-11  24.4726808
2.73057e-11  24.1163476
2.81247e-11  23.7650971
2.89678e-11  23.4192044
2.98367e-11  23.078229
3.07311e-11  22.742504
3.16528e-11  22.4115469
3.26017e-11  22.0856557
3.35795e-11  21.7644084
3.45861e-11  21.448086
3.56235e-11  21.1362617
3.66913e-11  20.8292383
3.77919e-11  20.5265705
3.89247e-11  20.2285722
4.00923e-11  19.9347946
4.12941e-11  19.6455634
4.25327e-11  19.3604256
4.38076e-11  19.0797029
4.51216e-11  18.8029653
4.64742e-11  18.5304965
4.78681e-11  18.2619136
4.9303e-11  17.9974647
5.07818e-11  17.7367977
5.23041e-11  17.4801421
5.38729e-11  17.2271561
5.54878e-11  16.978077
5.71521e-11  16.7325594
5.88653e-11  16.4908309
6.0631e-11  16.2525543
6.24484e-11  16.0179784
6.43215e-11  15.7867551
6.62496e-11  15.5591064
6.82368e-11  15.3347156
7.02822e-11  15.1138143
7.23903e-11  14.8960734
7.45603e-11  14.6817131
7.67967e-11  14.4704241
7.90987e-11  14.2624254
8.14712e-11  14.0574139
8.39134e-11  13.855585
8.64304e-11  13.6566583
8.90212e-11  13.4608363
9.16913e-11  13.267833
9.44399e-11  13.0778345
9.72725e-11  12.8905808
1.00188e-10  12.706245
1.03193e-10  12.5246022
1.06287e-10  12.345743
1.09475e-10  12.1694887
1.12756e-10  11.9960134
1.16139e-10  11.8250169
1.1962e-10  11.6567505
1.23208e-10  11.4908927
1.26901e-10  11.3276577
1.30707e-10  11.1668037
1.34626e-10  11.0084472
1.38664e-10  10.8523952
1.4282e-10  10.6988398
1.47104e-10  10.5475036
1.51513e-10  10.3985647
1.56058e-10  10.2518018
1.60736e-10  10.107359
1.65557e-10  9.9650413
1.7052e-10  9.82496781
1.75635e-10  9.68694896
1.80899e-10  9.55114391
1.86325e-10  9.41733969
1.91911e-10  9.28564738
1.97667e-10  9.15590946
2.03592e-10  9.02824553
2.09699e-10  8.90246912
2.15985e-10  8.77871267
2.22463e-10  8.6567947
2.29132e-10  8.53682986
2.36004e-10  8.41866168
2.43079e-10  8.30238478
2.5037e-10  8.18785039
2.57875e-10  8.07517145
2.6561e-10  7.96417752
2.73572e-10  7.85499013
2.81777e-10  7.74744751
2.90224e-10  7.64164707
2.98929e-10  7.53744942
3.0789e-10  7.43495437
3.17125e-10  7.33401071
3.26631e-10  7.23472976
3.36428e-10  7.1369571
3.46513e-10  7.04079649
3.56906e-10  6.94610781
3.67605e-10  6.85298311
3.78631e-10  6.76129021
3.89981e-10  6.67112333
4.01678e-10  6.58234811
4.15472e-10  6.48267213
4.2974e-10  6.38483067
4.44498e-10  6.28879729
4.59763e-10  6.19454301
4.75552e-10  6.10204285
4.91883e-10  6.01126962
5.08775e-10  5.92219465
5.26247e-10  5.83479325
5.44319e-10  5.74903935
5.63012e-10  5.66490601
5.82347e-10  5.58237002
6.02346e-10  5.50140721
6.23031e-10  5.42199664
6.44427e-10  5.34410928
6.66558e-10  5.26772366
6.89448e-10  5.19282105
7.13125e-10  5.11937282
7.37615e-10  5.04736023
7.62946e-10  4.97676134
7.89147e-10  4.90755454
8.16247e-10  4.839721
8.44279e-10  4.77323494
8.73272e-10  4.70808302
9.03262e-10  4.64423857
9.34281e-10  4.58168667
9.66366e-10  4.52040461
9.99553e-10  4.46037458
1.033879e-09  4.40157921
1.069384e-09  4.34399845
1.106108e-09  4.28761483
1.144094e-09  4.2324087
1.183384e-09  4.1783643
1.224023e-09  4.12546378
1.266058e-09  4.07368908
1.309537e-09  4.02302319
1.354508e-09  3.97345111
1.401024e-09  3.92495435
1.449138e-09  3.87751672
1.498903e-09  3.83112384
1.550378e-09  3.78575767
1.60362e-09  3.74140396
1.658691e-09  3.69804607
1.715653e-09  3.65566925
1.774572e-09  3.61425755
1.835513e-09  3.57379741
1.906561e-09  3.5294071
1.980394e-09  3.48615955
2.057049e-09  3.44407496
2.13671e-09  3.40309249
2.219416e-09  3.36323102
2.305364e-09  3.32443235
2.394598e-09  3.28671328
2.48733e-09  3.25001857
2.583608e-09  3.21436271
2.68366e-09  3.17969303
2.787537e-09  3.14602291
2.895486e-09  3.11330118
3.007562e-09  3.08153986
3.124032e-09  3.05068982
3.244954e-09  3.02076168
3.370617e-09  2.99170825
3.515923e-09  2.96045419
3.667494e-09  2.93024888
3.825598e-09  2.90106759
3.990519e-09  2.87288488
4.162549e-09  2.84567627
4.341995e-09  2.81941699
4.529177e-09  2.79408249
4.724429e-09  2.76964839
4.928097e-09  2.74609074
5.162243e-09  2.72116539
5.407609e-09  2.69723039
5.664537e-09  2.67427277
5.933777e-09  2.65224383
6.215705e-09  2.63112976
6.511143e-09  2.61088408
6.849411e-09  2.58976649
7.205252e-09  2.56961797
7.579581e-09  2.55040078
7.973356e-09  2.53207811
8.42299e-09  2.51319893
8.898138e-09  2.49527615
9.399922e-09  2.47827758
9.93018e-09  2.4621496
1.0534625e-08  2.44571622
1.1175863e-08  2.430201
1.1856133e-08  2.41555597
1.2630897e-08  2.40078022
1.3456528e-08  2.38689231
1.4396636e-08  2.3730056
1.5402421e-08  2.36001557
1.6548023e-08  2.34713501
1.7779149e-08  2.3351371
1.9182488e-08  2.32333473
2.0783948e-08  2.31181071
2.2519508e-08  2.30117184
2.5268741e-08  2.28731297
2.53e-08  2.28717275
2.7645049e-08  2.27755958
3.0334954e-08  2.26836866
3.3427081e-08  2.25963774
3.6990519e-08  2.2513934
4.1280828e-08  2.24336222
4.6264006e-08  2.23590811
5.2287314e-08  2.22879601
5.9596832e-08  2.22209415
6.8502791e-08  2.21585735
7.9408519e-08  2.21012188
9.3222567e-08  2.20478431
1.1083327e-07  2.1999186
1.34016714e-07  2.19547806
1.65504159e-07  2.19144844
2.09631649e-07  2.18783744
2.74643157e-07  2.18462599
3.75327774e-07  2.18183823
5.44144957e-07  2.17946055
8.5837783e-07  2.17748625
1.62404946e-06  2.1757618
0.000155764518  2.12406404
0.00095  2.1065175
0.001  2.10665846
0.0025  2.1044087
0.00747026831  2.12567247
0.0169774716  2.18888353
0.0340050835  2.32270987
0.108706048  2.94856477
0.154149587  3.29530198
0.18507897  3.50369924
0.223103815  3.71332547
0.24338598  3.79792981
0.263668145  3.86090593
0.28395031  3.90255962
0.32  3.92907873
0.354937888  3.90331397
0.39072227  3.84623043
0.462697425  3.701928
0.49354392  3.62496885
0.6169299  3.22521694
0.71975155  2.92717902
0.7907138  2.74051968
0.87168052  2.55782636
0.93297959  2.43464444
1  2.31309147
1.11551908  2.14615051
1.26763531  1.91439202
1.35  1.79669389
1.4  1.74152183
1.5  1.65126173
1.55  1.6171201
1.6  1.62771089
1.66  1.65673983
1.74  1.7242719
1.76  1.73241236
1.78  1.72818523
1.82  1.68582306
1.94  1.50047523
1.96  1.48060844
1.98  1.46790563
2.04  1.44555224
2.1  1.43085674
2.12  1.43014358
2.18  1.44019012
2.22  1.46102742
2.24  1.47815929
2.3  1.54387063
2.36  1.60220524
2.46  1.68437772
2.48  1.70759545
2.56  1.83122592
2.62  1.93812275
2.64  1.96291665
2.7  1.99456344
2.78  2.01737422
2.8  2.00714615
2.82  1.98410605
2.85  1.93533695
3.14  1.54087176
3.25  1.40800496
3.3  1.35531778
3.35  1.34157052
3.4  1.34914865
3.42  1.3385141
3.458281  1.29721891
3.5  1.24261992
3.6  1.16046737
3.65  1.12563355
3.7  1.10038313
3.75  1.08248406
3.8  1.07720809
3.85566913  1.10438575
4  1.20391042
4.05  1.24772442
4.1  1.27812381
4.2  1.32142077
4.3  1.33381582
4.35  1.32143994
4.4  1.289065
4.65  1.15325348
4.75  1.08906908
4.8  1.06499929
4.85  1.04670764
5.1  0.977513299
5.2  0.954759439
5.254914  0.945310469
5.4  0.937396606
5.625092  0.957216948
5.8  0.964556591
6  0.981657217
6.2  1.00475333
6.4  1.01761717
6.5  1.00646844
6.6  1.01493621
6.7  1.00861432
7  0.981707408
7.3  0.969681969
8.1  0.918828325
8.6  0.87834744
8.9  0.862081399
9.1  0.859567059
9.33120673  0.865185985
9.9  0.889311935
12  0.922895504
12.2721207  0.920451637
12.8  0.908563872
13.5  0.905215987
16.4285537  0.930663543
20  0.951971371
