E(MeV)  pendfb7/Na23:102
1e-11  26.5594155
1.02999e-11  26.1698966
1.06087e-11  25.7862101
1.09269e-11  25.4079732
1.12544e-11  25.0355144
1.1592e-11  24.6683053
1.19395e-11  24.3066731
1.22976e-11  23.9501542
1.26662e-11  23.5990501
1.30462e-11  23.2528651
1.34372e-11  22.9120276
1.38403e-11  22.5759342
1.42552e-11  22.2450058
1.46827e-11  21.9187363
1.51229e-11  21.5974026
1.55765e-11  21.2805833
1.60434e-11  20.9686526
1.65246e-11  20.6610782
1.70199e-11  20.3582069
1.75304e-11  20.0596125
1.80559e-11  19.7655326
1.85975e-11  19.475614
1.9155e-11  19.1901125
1.97295e-11  18.9086444
2.03209e-11  18.6314441
2.09305e-11  18.3581376
2.15579e-11  18.0890399
2.22045e-11  17.8237021
2.28701e-11  17.5624262
2.35561e-11  17.3048049
2.42622e-11  17.0511435
2.49899e-11  16.8010386
2.5739e-11  16.5547453
2.6511e-11  16.311929
2.73057e-11  16.0727984
2.81247e-11  15.8370546
2.89678e-11  15.6048821
2.98367e-11  15.3759853
3.07311e-11  15.1505879
3.16528e-11  14.9283658
3.26017e-11  14.7095192
3.35795e-11  14.4937647
3.45861e-11  14.281291
3.56235e-11  14.0718115
3.66913e-11  13.8655295
3.77919e-11  13.662146
3.89247e-11  13.4618717
4.00923e-11  13.2644052
4.12941e-11  13.0699653
4.25327e-11  12.8782475
4.38076e-11  12.6894682
4.51216e-11  12.5033382
4.64742e-11  12.3200482
4.78681e-11  12.1393409
4.9303e-11  11.9613829
5.07818e-11  11.7859374
5.23041e-11  11.6131591
5.38729e-11  11.4428176
5.54878e-11  11.2750728
5.71521e-11  11.1096922
5.88653e-11  10.9468291
6.0631e-11  10.7862562
6.24484e-11  10.6281412
6.43215e-11  10.4722496
6.62496e-11  10.318731
6.82368e-11  10.1673719
7.02822e-11  10.0183284
7.23903e-11  9.87137866
7.45603e-11  9.72667125
7.67967e-11  9.58399734
7.90987e-11  9.44350485
8.14712e-11  9.3049891
8.39134e-11  9.16858205
8.64304e-11  9.03409437
8.90212e-11  8.90166285
9.16913e-11  8.77109422
9.44399e-11  8.64251426
9.72725e-11  8.51574713
1.00188e-10  8.39091005
1.03193e-10  8.26785075
1.06287e-10  8.14663058
1.09475e-10  8.02712857
1.12756e-10  7.90946262
1.16139e-10  7.79342932
1.1962e-10  7.67919913
1.23208e-10  7.5665539
1.26901e-10  7.45563911
1.30707e-10  7.34629053
1.34626e-10  7.23858739
1.38664e-10  7.13239844
1.4282e-10  7.02785453
1.47104e-10  6.92476674
1.51513e-10  6.82325654
1.56058e-10  6.72317319
1.60736e-10  6.62461483
1.65557e-10  6.52744868
1.7052e-10  6.43175601
1.75635e-10  6.33740739
1.80899e-10  6.24451171
1.86325e-10  6.15292339
1.91911e-10  6.06271849
1.97667e-10  5.97378923
2.03592e-10  5.88621765
2.09699e-10  5.79987594
2.15985e-10  5.71485512
2.22463e-10  5.63103059
2.29132e-10  5.5484813
2.36004e-10  5.46709967
2.43079e-10  5.38695097
2.5037e-10  5.30793277
2.57875e-10  5.23012311
2.6561e-10  5.15340442
2.73572e-10  5.07786083
2.81777e-10  5.00338056
2.90224e-10  4.93003121
2.98929e-10  4.85771629
3.0789e-10  4.78650521
3.17125e-10  4.7162931
3.26631e-10  4.64715754
3.36428e-10  4.57899119
3.46513e-10  4.51186655
3.56906e-10  4.44568604
3.67605e-10  4.38051415
3.78631e-10  4.31625861
3.89981e-10  4.25298568
4.01678e-10  4.19060126
4.13719e-10  4.12916979
4.26128e-10  4.06860132
4.38901e-10  4.00895844
4.52066e-10  3.95015418
4.65617e-10  3.89224665
4.79583e-10  3.83515452
4.93959e-10  3.77893257
5.08775e-10  3.72350251
5.24026e-10  3.66891727
5.39744e-10  3.61510056
5.55923e-10  3.56210472
5.72598e-10  3.50985464
5.89762e-10  3.45840167
6.07452e-10  3.40767208
6.25661e-10  3.35771762
6.44427e-10  3.3084657
6.63744e-10  3.25996464
6.83653e-10  3.21214651
7.04146e-10  3.16505743
7.25267e-10  3.11863062
7.47007e-10  3.07291314
7.69413e-10  3.02783922
7.92477e-10  2.98345133
8.16247e-10  2.93968928
8.40715e-10  2.8965939
8.65932e-10  2.85410516
8.91889e-10  2.81226505
9.18641e-10  2.77101306
9.46178e-10  2.73039115
9.74558e-10  2.69034044
1.003771e-09  2.65090073
1.033879e-09  2.61201585
1.064871e-09  2.57372441
1.096811e-09  2.53597125
1.129689e-09  2.49879483
1.163573e-09  2.46214114
1.198452e-09  2.42604657
1.234399e-09  2.39046009
1.271402e-09  2.35541613
1.309537e-09  2.32086503
1.348791e-09  2.28684187
1.389247e-09  2.25329735
1.430892e-09  2.2202639
1.47381e-09  2.18769582
1.517989e-09  2.15562415
1.563521e-09  2.1240036
1.610389e-09  2.09286616
1.658691e-09  2.06216665
1.708412e-09  2.03193517
1.759655e-09  2.00212925
1.812403e-09  1.97277799
1.866765e-09  1.94383947
1.922723e-09  1.91534299
1.980394e-09  1.88724699
2.039758e-09  1.85958002
2.100939e-09  1.83230226
2.163917e-09  1.80544043
2.228823e-09  1.77895647
2.295634e-09  1.75287695
2.36449e-09  1.72716416
2.435368e-09  1.70184371
2.508415e-09  1.67687963
2.583608e-09  1.65229616
2.661102e-09  1.62805857
2.740871e-09  1.60419107
2.823082e-09  1.58065911
2.907706e-09  1.55748643
2.994921e-09  1.53463975
3.084697e-09  1.5121415
3.177221e-09  1.48995984
3.272461e-09  1.4681167
3.370617e-09  1.44658081
3.471655e-09  1.42537359
3.575785e-09  1.40446468
3.682973e-09  1.38387489
3.793441e-09  1.36357479
3.907154e-09  1.34358437
4.024346e-09  1.32387529
4.14498e-09  1.30446686
4.269306e-09  1.28533162
4.397283e-09  1.26648824
4.529177e-09  1.24791009
4.664944e-09  1.22961537
4.804866e-09  1.21157811
4.948897e-09  1.19381605
5.097336e-09  1.17630396
5.250134e-09  1.15905905
5.407609e-09  1.1420568
5.569708e-09  1.12531404
5.736768e-09  1.10880681
5.908733e-09  1.09255157
6.085962e-09  1.07652503
6.268395e-09  1.06074305
6.456412e-09  1.04518314
6.649949e-09  1.02986072
6.849411e-09  1.01475388
7.054729e-09  0.999877628
7.266331e-09  0.985210713
7.484147e-09  0.970767607
7.70863e-09  0.956527737
7.939704e-09  0.942505247
8.17785e-09  0.928680089
8.42299e-09  0.915065873
8.675632e-09  0.90164331
8.935694e-09  0.888425543
9.203714e-09  0.875393842
9.479605e-09  0.862560985
9.76394e-09  0.849908772
1.0056625e-08  0.837449619
1.0358267e-08  0.825165831
1.0668767e-08  0.813069508
1.098877e-08  0.801143428
1.131817e-08  0.789399353
1.1657652e-08  0.777820547
1.2007102e-08  0.76641847
1.2367248e-08  0.755176832
1.2737969e-08  0.744106768
1.3120036e-08  0.733192491
1.3513323e-08  0.722444739
1.3918647e-08  0.711848243
1.4335873e-08  0.701413434
1.4765869e-08  0.691125461
1.5208491e-08  0.680994463
1.5664661e-08  0.671005999
1.6134225e-08  0.661169948
1.6618162e-08  0.651472262
1.7116308e-08  0.641922535
1.7629702e-08  0.632507144
1.8158171e-08  0.62323539
1.8702814e-08  0.614094057
1.926345e-08  0.605092159
1.9841246e-08  0.596216877
2.0436008e-08  0.58747697
2.1048973e-08  0.578859992
2.1679938e-08  0.570374422
2.2330215e-08  0.562008202
2.2999587e-08  0.553769586
2.3689445e-08  0.545646838
2.4399561e-08  0.53764798
2.5268741e-08  0.52832008
2.53e-08  0.527993596
2.6058858e-08  0.520248821
2.684e-08  0.512622191
2.7645049e-08  0.505102871
2.8473738e-08  0.497698274
2.9327791e-08  0.490397885
3.0206922e-08  0.483208923
3.111296e-08  0.476121165
3.2045604e-08  0.469141622
3.3006792e-08  0.462260376
3.3996206e-08  0.455484222
3.5015901e-08  0.448803546
3.6065539e-08  0.442224934
3.7147303e-08  0.435739033
3.8260833e-08  0.429352247
3.9408443e-08  0.423055488
4.0589752e-08  0.416854957
4.1807217e-08  0.410741825
4.3060432e-08  0.404722102
4.4352004e-08  0.398787195
4.5681502e-08  0.392942947
4.705169e-08  0.387181011
4.8462114e-08  0.381507039
4.9915706e-08  0.375912936
5.1411981e-08  0.370404188
5.2954052e-08  0.364972937
5.4541406e-08  0.359624512
5.6177342e-08  0.354351298
5.7861316e-08  0.349158475
5.9596832e-08  0.344038654
6.1383309e-08  0.338996881
6.3224464e-08  0.334025969
6.5119683e-08  0.329130843
6.7072909e-08  0.324304533
6.9083489e-08  0.319551797
7.1155607e-08  0.31486588
7.328857e-08  0.310251851
7.5486817e-08  0.305702237
7.7749613e-08  0.301221988
8.0081665e-08  0.296804714
8.2482197e-08  0.292454773
8.49562e-08  0.288165961
8.7502851e-08  0.283942501
9.0127446e-08  0.279778371
9.2829111e-08  0.27567767
9.5613464e-08  0.271634548
9.8479577e-08  0.267652992
1.01433412e-07  0.263727326
1.04473985e-07  0.259861429
1.07607619e-07  0.256049801
1.1083327e-07  0.25229622
1.14157646e-07  0.248595356
1.17579641e-07  0.244950881
1.21106371e-07  0.241357626
1.24736661e-07  0.237819157
1.28478062e-07  0.23433045
1.32329326e-07  0.230894965
1.36298464e-07  0.227507813
1.40384153e-07  0.224172347
1.4459489e-07  0.220883816
1.48929273e-07  0.217645468
1.53396316e-07  0.214452693
1.57994531e-07  0.211308645
1.62733481e-07  0.208208859
1.67611588e-07  0.205156409
1.72638996e-07  0.202146972
1.7781403e-07  0.199183543
1.83147454e-07  0.196261923
1.8863749e-07  0.193385015
1.94295557e-07  0.190548726
2.0011977e-07  0.187755852
2.06122241e-07  0.185002405
2.12300971e-07  0.182291089
2.18668809e-07  0.179618029
2.25223636e-07  0.176985847
2.31979082e-07  0.174390775
2.38932897e-07  0.171835354
2.46099545e-07  0.169315919
2.53476636e-07  0.16683494
2.61079514e-07  0.164388871
2.68905645e-07  0.161980127
2.76971307e-07  0.159605275
2.85273811e-07  0.157266657
2.93830426e-07  0.154960936
3.02638301e-07  0.152690379
3.11715753e-07  0.150451745
3.21059758e-07  0.148247233
3.30689751e-07  0.146073699
3.40602522e-07  0.143933299
3.50818688e-07  0.141823012
3.61334845e-07  0.139744954
3.72172865e-07  0.13769618
3.83329135e-07  0.135678687
3.9482686e-07  0.133689541
4.06662208e-07  0.131730649
4.18859794e-07  0.129799202
4.31415555e-07  0.127897148
4.44355602e-07  0.126021849
4.57675626e-07  0.12417521
4.71403329e-07  0.122354581
4.85534136e-07  0.120561662
5.00097438e-07  0.118793769
5.15088382e-07  0.11705256
5.30538145e-07  0.115335557
5.46441581e-07  0.113644553
5.62831765e-07  0.111977288
5.79703235e-07  0.110335526
5.97091082e-07  0.108716942
6.14989512e-07  0.107123049
6.33435749e-07  0.105551497
6.52423648e-07  0.10400386
6.71992699e-07  0.102478042
6.92136383e-07  0.100975612
7.12896594e-07  0.099494371
7.34266415e-07  0.098035678
7.5629029e-07  0.09659745
7.78960882e-07  0.095181198
8.02325342e-07  0.093784953
8.26375882e-07  0.092409999
8.51162526e-07  0.091054249
8.76677012e-07  0.089719081
9.02972407e-07  0.088402854
9.30039949e-07  0.087107204
9.57935933e-07  0.085830602
9.86651065e-07  0.084574685
1.01195589e-06  0.083513758
1.04050974e-06  0.082364691
1.06986929e-06  0.081232487
1.10005725e-06  0.080116475
1.13109702e-06  0.079016178
1.16301262e-06  0.077931228
1.19582876e-06  0.076861205
1.22957087e-06  0.075805765
1.26426505e-06  0.074764831
1.29993819e-06  0.073738416
1.33661789e-06  0.072726216
1.37433257e-06  0.071727717
1.41311143e-06  0.070742725
1.45298448e-06  0.069771335
1.5150601e-06  0.068336173
1.57948201e-06  0.066937087
1.64696196e-06  0.065559919
1.71699247e-06  0.064216816
1.79034725e-06  0.062895577
1.86647465e-06  0.061608551
1.94621574e-06  0.060341628
2.02897083e-06  0.059105473
2.11565421e-06  0.057888753
2.20561399e-06  0.05670338
2.29984408e-06  0.055538639
2.3976358e-06  0.054401335
2.5000696e-06  0.053280852
2.60637512e-06  0.052188666
2.71772686e-06  0.051115415
2.83328738e-06  0.050068912
2.95433346e-06  0.049039285
3.12340751e-06  0.047703748
3.30215753e-06  0.046401852
3.49113727e-06  0.045134927
3.69093216e-06  0.043906001
3.90216115e-06  0.042707807
4.1254786e-06  0.041544095
4.42225446e-06  0.040133874
4.74129723e-06  0.038767212
5.08237344e-06  0.037453864
5.44904038e-06  0.036179237
5.84102973e-06  0.034953775
6.34955257e-06  0.033534439
6.90234765e-06  0.032172884
7.50326933e-06  0.030865672
8.27158159e-06  0.02940381
8.99170944e-06  0.028212551
9.77453196e-06  0.027070143
1.06255074e-05  0.025987651
1.15505691e-05  0.024965613
1.29104583e-05  0.023652387
1.42296959e-05  0.022579501
1.52562948e-05  0.021833026
1.68152385e-05  0.020822536
1.82791812e-05  0.020004628
1.98705754e-05  0.019214522
2.16005172e-05  0.018454294
2.31588827e-05  0.017845349
2.55253416e-05  0.017019861
2.774759e-05  0.01635808
3.01633085e-05  0.015708441
3.32519408e-05  0.014981234
3.61468706e-05  0.014393231
3.92938344e-05  0.013825949
4.27147744e-05  0.01327493
4.70795255e-05  0.012668725
5.04760695e-05  0.012251089
5.56338979e-05  0.011734667
6.13306421e-05  0.011231894
6.75976302e-05  0.010756863
7.45194247e-05  0.010298455
8.32928588e-05  0.009801892
9.30992203e-05  0.009325458
0.000101204483  0.008988553
0.000113119643  0.008588828
0.0001355332  0.007976853
0.00015149  0.00762429
0.000171714337  0.007279586
0.000194601008  0.00695104
0.00020282165  0.00685264
0.000233097253  0.006563543
0.000260540613  0.006343473
0.000295266352  0.006100703
0.000356184644  0.005848878
0.000398119516  0.005706405
0.000497381947  0.005553932
0.000596939122  0.005530889
0.000599234781  0.005546327
0.000601058119  0.005581779
0.000672479254  0.005644043
0.00074013  0.00573266
0.000857404699  0.005978987
0.00094501743  0.006236717
0.00100720144  0.006459167
0.00107058108  0.006724996
0.00113222144  0.007023308
0.00119701753  0.007382136
0.00124671629  0.00769576
0.00129972794  0.008066562
0.001355256  0.008506531
0.00141288288  0.0090199
0.00145274949  0.009415995
0.00149281  0.009851892
0.001530444  0.010300036
0.001568078  0.010789517
0.001605712  0.01132516
0.001643346  0.011912539
0.00168098  0.012558137
0.0017280225  0.013459414
0.0017656565  0.014265699
0.0018032905  0.015159903
0.0018409245  0.016154867
0.0018785585  0.017265871
0.001906784  0.018183114
0.0019350095  0.01919096
0.001963235  0.020286946
0.0019914605  0.021497622
0.002019686  0.022820761
0.0020479115  0.024291128
0.002076137  0.025907111
0.0021043625  0.027715014
0.0021419965  0.030443146
0.0021796305  0.033616137
0.0021984475  0.035399348
0.0022172645  0.037332813
0.0022360815  0.03943327
0.002264307  0.042922545
0.002283124  0.04552762
0.002301941  0.048378476
0.002320758  0.05150131
0.002339575  0.054934221
0.002358392  0.058720902
0.002377209  0.062903469
0.002396026  0.067534431
0.002414843  0.07267415
0.00242895575  0.076908849
0.0024430685  0.081492008
0.00245718125  0.086479751
0.002471294  0.091890534
0.00248540675  0.097791909
0.0024995195  0.104205938
0.00251363225  0.111212539
0.002527745  0.118836314
0.00254185775  0.127168712
0.0025559705  0.136233474
0.00257008325  0.146128746
0.002584196  0.156869359
0.00259830875  0.168547318
0.0026124215  0.181152119
0.0026274751  0.19566366
0.0026444104  0.213270153
0.0026613457  0.232100501
0.0027121516  0.292308567
0.0027309686  0.313432946
0.00274508135  0.32754575
0.0027591941  0.339423857
0.0027686026  0.3457725
0.0027780111  0.350659468
0.0027874196  0.353941844
0.0028005915  0.35566523
0.00281263438  0.354207451
0.00282260739  0.350821772
0.0028325804  0.345599839
0.0028419889  0.339115554
0.00285610165  0.326931084
0.0028702144  0.312387233
0.0028890314  0.290528149
0.0029360739  0.232434642
0.0029530092  0.212605658
0.0029699445  0.194028632
0.0029868798  0.176874714
0.00300287425  0.16204834
0.003016987  0.150024836
0.00303109975  0.138996567
0.0030452125  0.128873163
0.00305932525  0.119627406
0.003073438  0.111162168
0.00308755075  0.103441173
0.0031016635  0.096374463
0.00311577625  0.089925871
0.003129889  0.084017638
0.00314400175  0.078617501
0.0031581145  0.073660616
0.00317222725  0.069119718
0.00318634  0.064941748
0.00320045275  0.061104311
0.0032145655  0.057564395
0.00322867825  0.054303879
0.003242791  0.051293441
0.003261608  0.047628162
0.003280425  0.044311316
0.003299242  0.041307525
0.003318059  0.038580763
0.003336876  0.036099732
0.003355693  0.033837187
0.00337451  0.031769368
0.003393327  0.029875508
0.003412144  0.02813742
0.003430961  0.026539137
0.003449778  0.02506661
0.003468595  0.02370745
0.003487412  0.022450706
0.003525046  0.020206749
0.00356268  0.018269375
0.0035909055  0.016989454
0.003619131  0.015827405
0.0036473565  0.014781392
0.003675582  0.013826516
0.0037038075  0.012961917
0.003732033  0.012168768
0.0037602585  0.011446792
0.003788484  0.010781541
0.0038167095  0.010173079
0.003844935  0.00961017
0.003901386  0.008613936
0.00393902  0.008029516
0.003976654  0.007500304
0.004014288  0.007019697
0.004051922  0.006582038
0.004089556  0.006182459
0.00412719  0.005816756
0.004164824  0.005481279
0.004202458  0.005172852
0.004240092  0.004888701
0.004277726  0.004626394
0.00431536  0.004383793
0.004390628  0.003950378
0.004465896  0.00357581
0.00450353  0.003407384
0.004559981  0.003176205
0.004616432  0.002965233
0.004672883  0.002775175
0.004729334  0.002600831
0.004785785  0.002442857
0.004842236  0.002297275
0.004898687  0.002164677
0.004992772  0.001965947
0.00506804  0.001825528
0.005143308  0.001698966
0.005237393  0.001557859
0.005312661  0.001456484
0.005369112  0.001386671
0.00544438  0.001300787
0.00551494375  0.001227246
0.00563255  0.001116789
0.005726635  0.001038561
0.00582072  0.000967921
0.005914805  0.000903969
0.00600889  0.000845905
0.006102975  0.000793045
0.00619706  0.000744801
0.006291145  0.000700663
0.00638523  0.000660193
0.006479315  0.000623005
0.0065734  0.000588764
0.006667485  0.000557181
0.00676157  0.000527998
0.00694974  0.000475984
0.00713791  0.000431347
0.007231995  0.000411586
0.00734960125  0.000389688
0.007420165  0.000378877
0.00745544688  0.000375153
0.00748484844  0.000373737
0.00750689961  0.000375157
0.0075216738  0.000378322
0.00753280949  0.000382712
0.00754023329  0.000387372
0.00754765708  0.000394076
0.00755322492  0.000401007
0.00755879276  0.000410291
0.00756250466  0.00041837
0.00756621655  0.000428512
0.00756992845  0.000441388
0.00757271237  0.000453415
0.00757568189  0.000469219
0.00757772343  0.000482391
0.00757976498  0.000497979
0.00758180652  0.000516608
0.00758333769  0.000533068
0.00758486884  0.000552163
0.0075864  0.000574489
0.00758793115  0.000600828
0.00758895192  0.000621122
0.00758997269  0.000644061
0.00759090067  0.000667626
0.00759182864  0.000694256
0.00759275662  0.000724536
0.00759368459  0.00075922
0.00759461257  0.0007993
0.00759530855  0.000833707
0.00759600453  0.000872702
0.00759670051  0.000917384
0.00759739648  0.000969334
0.00759788368  0.00101125
0.00759837086  0.001059021
0.00759885805  0.00111424
0.00759918284  0.001156242
0.00759950763  0.001203358
0.00759983242  0.001256642
0.00760015721  0.001317397
0.00760048201  0.001387243
0.0076007256  0.001446773
0.00760096919  0.001513537
0.00760121279  0.001588711
0.00760145638  0.001673655
0.00760169997  0.001769954
0.00760194356  0.001879435
0.00760218716  0.00200421
0.00760234955  0.002097059
0.00760251195  0.002198576
0.00760269754  0.002326316
0.00760290634  0.002486703
0.00760306293  0.002619863
0.00760321953  0.00276522
0.00760337613  0.002923887
0.00760353272  0.003097063
0.00760368932  0.003286073
0.00760384591  0.003492286
0.00760400251  0.003717227
0.0076041591  0.003962463
0.00760431569  0.004229714
0.00760447229  0.004520812
0.00760462889  0.004837668
0.00760478548  0.005182299
0.00760494208  0.005556904
0.00760509867  0.005963709
0.00760525527  0.006405155
0.00760541187  0.006883724
0.00760556846  0.007402
0.00760572505  0.007962747
0.00760588165  0.008568846
0.00760600924  0.009098208
0.00760616004  0.009767421
0.00760631084  0.010486462
0.00760646164  0.011258186
0.00760661243  0.012085456
0.00760676323  0.012971354
0.00760691402  0.013918778
0.00760706482  0.014930904
0.00760721561  0.016010666
0.00760736641  0.017161279
0.00760751721  0.018385735
0.00760766801  0.019687066
0.0076078188  0.021068165
0.00760804499  0.023295948
0.00760827119  0.025719522
0.007608452  0.027803471
0.00760866284  0.030404137
0.00760887368  0.033194114
0.00760908452  0.036178486
0.00760929536  0.039361348
0.0076095062  0.042745664
0.00760971704  0.046333127
0.00760992788  0.050124016
0.00761020369  0.055387863
0.00761045926  0.060567911
0.00761080002  0.067909477
0.00761114078  0.075715342
0.0076115478  0.085578616
0.00761200215  0.097152726
0.00761348636  0.136487515
0.00761398615  0.14908673
0.00761442535  0.159345617
0.00761481912  0.167655012
0.0076151826  0.174407022
0.00761554608  0.180136184
0.00761584898  0.184042245
0.00761619732  0.187478593
0.00761653808  0.1896854
0.00761699758  0.190780925
0.00761733319  0.190196575
0.00761771939  0.188092077
0.00761802986  0.185322363
0.00761830247  0.182134774
0.00761863566  0.177338091
0.00761905972  0.16992955
0.0076194232  0.162563102
0.00761984726  0.152988989
0.00762034705  0.140674597
0.00762199785  0.097076007
0.0076224522  0.085512759
0.00762290655  0.074550831
0.00762320945  0.067652645
0.00762349343  0.061518909
0.00762377739  0.055729373
0.00762406136  0.05029744
0.00762434533  0.045231374
0.0076246293  0.040533743
0.00762486594  0.036898951
0.00762507892  0.033841991
0.00762529189  0.030984207
0.00762550487  0.028320302
0.00762571785  0.025844474
0.00762593083  0.023550019
0.0076261438  0.021429702
0.00762635678  0.0194755
0.00762656976  0.017679327
0.00762678273  0.016032817
0.00762692471  0.015014005
0.00762709036  0.013901137
0.00762727968  0.012724236
0.00762746899  0.011642955
0.0076276583  0.010651312
0.00762784761  0.009743511
0.0076279896  0.009114249
0.00762813158  0.008526701
0.00762827357  0.007978529
0.00762841555  0.007467625
0.00762855753  0.006991833
0.00762869952  0.006549077
0.00762884151  0.006137424
0.00762898349  0.005755008
0.00762912547  0.005399983
0.00762926745  0.005070616
0.00762940944  0.004765229
0.00762955143  0.004482266
0.00762969341  0.004220246
0.00762983539  0.003977723
0.00762997738  0.003753334
0.00763016669  0.003480204
0.00763030867  0.003293345
0.00763045066  0.00312065
0.00763059264  0.002961099
0.00763073463  0.00281369
0.00763094761  0.00261338
0.00763116058  0.002435526
0.00763137356  0.002277544
0.00763158654  0.002137137
0.00763179952  0.00201224
0.00763201249  0.001901016
0.00763222546  0.001801817
0.00763243844  0.001713185
0.00763265142  0.001633836
0.00763286439  0.001562636
0.00763314836  0.001478659
0.00763343233  0.001405354
0.0076337163  0.001341011
0.00763400027  0.001284198
0.00763428424  0.001233724
0.0076345682  0.001188601
0.00763494683  0.001135359
0.00763532545  0.001088619
0.00763570408  0.001047163
0.00763627202  0.000992879
0.00763683995  0.000946048
0.00763740789  0.000905027
0.00763797583  0.00086866
0.00763873308  0.000825992
0.00763949033  0.000788714
0.00764024758  0.000755823
0.00764106162  0.000724521
0.00764193246  0.000694921
0.0076428033  0.000668693
0.00764410955  0.000634566
0.00764541581  0.00060553
0.00764672207  0.000580585
0.00764802832  0.000558972
0.00764933458  0.000540105
0.00765107625  0.000518439
0.00765281793  0.000500008
0.0076545596  0.000484183
0.00765648231  0.000469164
0.00765936638  0.000450435
0.00766225043  0.000435222
0.00766513449  0.000422673
0.00766801855  0.000412173
0.00767186396  0.000400604
0.00767570937  0.000391159
0.00768147748  0.000379918
0.00768751774  0.000370859
0.00769410226  0.000363055
0.00770288162  0.000354955
0.00771605067  0.000346038
0.00773448734  0.00033731
0.00774853433  0.00033226
0.0077766283  0.000324408
0.00781876927  0.000315479
0.0078890042  0.000303655
0.00797328613  0.000291662
0.008137988  0.000271114
0.00827736302  0.000255759
0.00844105208  0.000239247
0.00860474114  0.000224442
0.00876843019  0.000210851
0.00893211925  0.000198557
0.0090958083  0.000187208
0.00925949736  0.000176881
0.00953231245  0.000161381
0.00975056453  0.000150423
0.0099688166  0.000140547
0.0101870687  0.00013162
0.0104053208  0.000123527
0.0106235729  0.000116171
0.0108418249  0.000109466
0.011060077  0.000103342
0.0112783291  9.77328e-05
0.0114965812  9.25865e-05
0.0117936425  8.62591e-05
0.0120300702  8.16673e-05
0.0123453072  7.61512e-05
0.0126605442  7.1214e-05
0.0129757812  6.67812e-05
0.0132910182  6.27891e-05
0.0136062552  5.91836e-05
0.0139214922  5.59183e-05
0.0142367291  5.29541e-05
0.0145519661  5.02566e-05
0.0148672031  4.77966e-05
0.0151824401  4.55487e-05
0.015812914  4.16032e-05
0.016443388  3.82744e-05
0.0167586249  3.6805e-05
0.0172314804  3.48232e-05
0.0177043359  3.30416e-05
0.0181771914  3.14756e-05
0.0186500469  3.00633e-05
0.0191229024  2.88183e-05
0.0199109948  2.70164e-05
0.0205414687  2.58059e-05
0.0211719427  2.47678e-05
0.0217693408  2.39268e-05
0.0223835954  2.31864e-05
0.0230151821  2.25434e-05
0.02366459  2.19958e-05
0.0243243125  2.15482e-05
0.0249547865  2.12175e-05
0.0255852604  2.09745e-05
0.0262157344  2.08159e-05
0.0271614453  2.07326e-05
0.0281071563  2.08382e-05
0.0287376303  2.10198e-05
0.0293681042  2.13005e-05
0.0299985782  2.16955e-05
0.0306290521  2.22306e-05
0.0311019076  2.27573e-05
0.0315747631  2.34078e-05
0.03189  2.39496e-05
0.03224  2.46849e-05
0.0325025  2.53704e-05
0.032765  2.61953e-05
0.03294  2.68655e-05
0.033115  2.76602e-05
0.03329  2.86189e-05
0.03342125  2.9487e-05
0.0335525  3.0506e-05
0.033675  3.1658e-05
0.03378  3.2826e-05
0.033925775  3.48491e-05
0.034012225  3.63333e-05
0.0340789  3.76727e-05
0.0341516125  3.93766e-05
0.0342464625  4.20749e-05
0.0343036  4.40219e-05
0.03435925  4.62373e-05
0.03440335  4.82589e-05
0.0344702  5.18783e-05
0.034515  5.47674e-05
0.03455  5.73529e-05
0.034585  6.02679e-05
0.03462  6.35894e-05
0.034655  6.73914e-05
0.0346844657  7.10231e-05
0.0347139313  7.51655e-05
0.0347425875  7.97312e-05
0.034769625  8.46056e-05
0.0347966625  9.01859e-05
0.0348323844  9.87951e-05
0.0348501907  0.000103729
0.0348679969  0.000109189
0.0348859125  0.000115279
0.0349039375  0.000122097
0.0349219625  0.000129716
0.0349399875  0.000138263
0.03495775  0.000147733
0.034970875  0.00015554
0.034984  0.000164141
0.034997125  0.000173604
0.03501025  0.000184046
0.035023375  0.000195628
0.0350365  0.000208482
0.035049625  0.000222875
0.03506275  0.00023907
0.0350715  0.000251001
0.03508025  0.000263961
0.035089  0.000278072
0.0351008125  0.000299198
0.0351086875  0.000314791
0.0351165625  0.000331756
0.0351244375  0.00035026
0.0351323125  0.000370495
0.0351401875  0.000392685
0.0351480625  0.000417089
0.0351549532  0.000440497
0.0351638125  0.000473802
0.0351697188  0.000498274
0.035175625  0.000524805
0.0351815313  0.000553646
0.0351874375  0.000585078
0.0351933438  0.000619418
0.03519925  0.000657025
0.0352061407  0.000705594
0.0352130313  0.00075998
0.035217625  0.000799951
0.0352222188  0.000843294
0.0352268125  0.000890406
0.0352314063  0.000941739
0.035236  0.000997805
0.0352399375  0.001050081
0.035243875  0.001106708
0.0352478125  0.001168184
0.03525175  0.001235082
0.0352556875  0.00130806
0.035259625  0.001387883
0.0352635625  0.00147544
0.0352675  0.001571769
0.0352705625  0.001653527
0.035273625  0.001741985
0.0352766875  0.001837898
0.03527975  0.001942126
0.0352828125  0.002055661
0.035285875  0.002179646
0.0352889375  0.002315417
0.035292  0.002464537
0.0352956094  0.002659957
0.0352980157  0.002803739
0.0353004219  0.002959774
0.0353028282  0.003129534
0.0353052344  0.003314686
0.0353076407  0.003517192
0.0353100469  0.003739299
0.0353122344  0.003960459
0.0353142032  0.004177153
0.0353161719  0.004412579
0.0353181407  0.00466903
0.0353201094  0.004949108
0.0353220782  0.005255907
0.0353240469  0.005592986
0.0353260157  0.005964615
0.0353277657  0.006327979
0.0353292969  0.006674807
0.0353308282  0.007052035
0.0353323594  0.007463413
0.0353338907  0.007913439
0.0353354219  0.008407296
0.0353369532  0.008951276
0.0353384844  0.009552781
0.0353398516  0.010145848
0.0353410548  0.010717882
0.0353422579  0.01134345
0.035343461  0.012030334
0.0353446641  0.012787982
0.0353458673  0.013628176
0.0353470704  0.014565525
0.0353479727  0.015343472
0.035348875  0.016196564
0.0353498594  0.017227422
0.0353508438  0.018382128
0.0353515821  0.019344297
0.0353523204  0.020403156
0.0353530586  0.021574195
0.0353537969  0.022876538
0.0353545352  0.024332628
0.0353552735  0.025969573
0.0353560118  0.027819836
0.035356504  0.029190705
0.0353571875  0.031305065
0.0353578438  0.033600367
0.0353582813  0.035295447
0.0353587188  0.037138654
0.0353591563  0.039145359
0.0353595938  0.041332409
0.0353600313  0.043718227
0.0353604688  0.046322906
0.0353609063  0.04916831
0.0353613438  0.052278155
0.0353617813  0.055678101
0.0353622188  0.05939582
0.0353626563  0.063461061
0.0353630938  0.0679057
0.0353635313  0.07276377
0.0353639141  0.077381974
0.0353644063  0.083867172
0.0353648985  0.091021315
0.0353653907  0.098905148
0.0353658829  0.107582513
0.035366375  0.117118069
0.0353668673  0.127587094
0.0353673594  0.139052325
0.0353678516  0.151593253
0.0353683438  0.165281398
0.035368836  0.180190715
0.0353692625  0.194154155
0.0353697875  0.212746259
0.0353703125  0.232966457
0.0353708375  0.254894485
0.0353713625  0.278603763
0.0353718875  0.304159639
0.0353724125  0.331617529
0.0353729375  0.361021002
0.0353735938  0.400558333
0.0353741844  0.438795537
0.035374775  0.479537232
0.0353753657  0.52274508
0.0353761532  0.584027901
0.03537705  0.658575097
0.0353781  0.751450804
0.0353794125  0.873920015
0.035382125  1.13348252
0.03538335  1.24454343
0.0353844  1.33197694
0.0353853188  1.4003088
0.0353861063  1.45141325
0.035387025  1.50094117
0.0353878563  1.5353333
0.0353886  1.55704015
0.03538937  1.570054
0.03539  1.57335969
0.03539084  1.56741214
0.0353914  1.55693306
0.0353921438  1.53516952
0.035392975  1.50072685
0.0353938938  1.45114183
0.0353946813  1.40000122
0.0353956  1.33164633
0.03539665  1.24419386
0.035397875  1.1331311
0.0354012  0.815802923
0.03540225  0.719669239
0.03540295  0.658380425
0.0354038469  0.583864506
0.0354046344  0.522615943
0.035405225  0.479439854
0.0354058157  0.438714452
0.0354064063  0.400499132
0.0354070625  0.360989887
0.0354075875  0.331602229
0.0354081125  0.304158629
0.0354086375  0.278615495
0.0354091625  0.254917417
0.0354096875  0.232999078
0.0354102125  0.21278711
0.0354107375  0.194201849
0.0354111641  0.180239847
0.0354116563  0.165335085
0.0354121485  0.151650489
0.0354126407  0.139112189
0.0354131329  0.12764653
0.035413625  0.117182821
0.0354141173  0.107643798
0.0354146094  0.09896813
0.0354151016  0.091083668
0.0354155938  0.083928493
0.035416086  0.077441936
0.0354164415  0.073140245
0.0354168243  0.068841149
0.0354172071  0.064863498
0.0354175899  0.061184153
0.0354179727  0.057781247
0.0354183555  0.054634164
0.0354187383  0.051723519
0.0354191211  0.049031136
0.035419504  0.046539381
0.0354200782  0.043145679
0.0354206524  0.040120299
0.0354212266  0.037419379
0.0354218008  0.035003849
0.035422375  0.03283905
0.0354228672  0.03115966
0.0354233594  0.029624801
0.0354238516  0.028219142
0.0354245899  0.026323373
0.0354253282  0.024647803
0.0354260665  0.023158863
0.0354268047  0.021828675
0.035427543  0.02063349
0.0354282813  0.019554022
0.0354290196  0.018574057
0.0354297579  0.017680089
0.0354305782  0.016774054
0.0354315625  0.015790851
0.0354325469  0.014904263
0.0354341875  0.013604153
0.0354355  0.012695613
0.0354368125  0.011883288
0.035438125  0.01115253
0.0354394375  0.01049171
0.03544075  0.009891433
0.0354420033  0.009367638
0.0354432565  0.008886442
0.0354449274  0.008302956
0.0354465984  0.00777733
0.0354482693  0.007301899
0.0354499403  0.006870188
0.0354516112  0.006476864
0.0354532821  0.006117354
0.0354551443  0.005751811
0.0354571978  0.005386411
0.0354592513  0.005055593
0.0354613048  0.004755043
0.0354633583  0.004481114
0.0354654118  0.004230702
0.0354674653  0.00400115
0.0354695188  0.003790171
0.0354717006  0.003584152
0.0354740108  0.003384155
0.035476321  0.003200767
0.0354786312  0.003032178
0.0354809414  0.002876821
0.0354844067  0.002665663
0.035487872  0.002477358
0.0354906955  0.002338586
0.0354940325  0.002189405
0.0354973694  0.002054358
0.0355007064  0.001931696
0.0355040433  0.001819937
0.0355073803  0.001717799
0.0355107172  0.001624191
0.0355140542  0.00153817
0.0355177761  0.001450197
0.0355218831  0.001361772
0.0355259901  0.001281365
0.0355300971  0.001208039
0.0355342041  0.001140988
0.0355383111  0.001079513
0.0355424181  0.001023013
0.0355465251  0.000970962
0.0355511455  0.000917157
0.0355562793  0.000862618
0.0355614131  0.000812962
0.0355665469  0.00076762
0.0355716806  0.000726106
0.0355768144  0.000687999
0.0355819481  0.000652938
0.0355870819  0.000620603
0.0355929857  0.000586438
0.0355996596  0.00055128
0.0356063335  0.000519376
0.0356130073  0.000490331
0.0356196812  0.000463782
0.0356263551  0.000439432
0.035633029  0.000417055
0.0356397028  0.000396452
0.0356471467  0.000375348
0.0356553607  0.000354101
0.0356635747  0.00033475
0.0356717887  0.000317074
0.0356800027  0.000300885
0.0356882167  0.000286022
0.0357005377  0.000265909
0.0357128588  0.000248064
0.0357251798  0.000232158
0.0357375008  0.000217921
0.0357498218  0.000205127
0.0357621428  0.000193587
0.0357744638  0.000183143
0.0357867849  0.000173661
0.0357991059  0.000165037
0.0358155339  0.000154721
0.0358319619  0.0001455
0.03584839  0.000137246
0.035864818  0.000129839
0.035881246  0.000123167
0.035897674  0.000117136
0.035914102  0.000111667
0.03593053  0.000106692
0.035955172  0.000100034
0.0359802938  9.40962e-05
0.036006375  8.86881e-05
0.0360324563  8.3932e-05
0.0360585375  7.97281e-05
0.0360846188  7.59954e-05
0.0361107  7.26803e-05
0.036145475  6.87876e-05
0.03618025  6.53933e-05
0.036215025  6.24292e-05
0.0362498  5.9827e-05
0.036284575  5.75319e-05
0.03631935  5.54986e-05
0.0363715125  5.28653e-05
0.036423675  5.06304e-05
0.0364758375  4.8735e-05
0.036528  4.71106e-05
0.03659755  4.52915e-05
0.0366671  4.37854e-05
0.03673665  4.25345e-05
0.0368062  4.14904e-05
0.03687575  4.0616e-05
0.036980075  3.95681e-05
0.0370844  3.87498e-05
0.0372235  3.79569e-05
0.0373626  3.74125e-05
0.0375017  3.70588e-05
0.037814675  3.67605e-05
0.038162425  3.69921e-05
0.0384754  3.75011e-05
0.0387536  3.81651e-05
0.03931  3.99369e-05
0.0397273  4.16165e-05
0.0401446  4.35423e-05
0.0405619  4.57749e-05
0.0409792  4.82747e-05
0.0415356  5.21386e-05
0.042092  5.66751e-05
0.0426484  6.20136e-05
0.0429266  6.50352e-05
0.0432048  6.83258e-05
0.043483  7.19156e-05
0.0437612  7.58395e-05
0.0440394  8.01381e-05
0.0443176  8.48583e-05
0.0445958  9.00548e-05
0.044874  9.57919e-05
0.0451522  0.000102145
0.0454304  0.000109202
0.04565296  0.000115423
0.04590334  0.00012316
0.04609808  0.000129688
0.04632064  0.000137895
0.0465432  0.000146938
0.04676576  0.000156939
0.04698832  0.000168038
0.04721088  0.00018039
0.0473778  0.000190632
0.04754472  0.000201724
0.04771164  0.000213924
0.04787856  0.00022719
0.04804548  0.000241865
0.0482124  0.000257905
0.04837932  0.000275763
0.04854624  0.000295399
0.0487688  0.000325179
0.04899136  0.000359735
0.04910264  0.000379126
0.04921392  0.000400133
0.0493252  0.000422938
0.04943648  0.00044775
0.04954776  0.000474811
0.04965904  0.000504396
0.04977032  0.000536825
0.0498816  0.000572472
0.04999288  0.000611771
0.05010416  0.00065523
0.05024326  0.00071629
0.05032672  0.000757021
0.05041018  0.000801458
0.05049364  0.000849688
0.0505771  0.000902559
0.05066056  0.000960212
0.05074402  0.00102375
0.05082748  0.001093394
0.05091094  0.001170604
0.0509944  0.001255725
0.05107786  0.00135072
0.05118914  0.001494322
0.05124478  0.001574639
0.05130042  0.001661428
0.05135606  0.00175538
0.0514117  0.001857279
0.05146734  0.001968014
0.05152298  0.002088598
0.05157862  0.002220185
0.05166208  0.002440434
0.05171772  0.002605648
0.05177336  0.00278739
0.051829  0.002987811
0.05188464  0.003209393
0.051947235  0.003486704
0.051988965  0.003691079
0.052030695  0.003912909
0.052072425  0.004153802
0.052114155  0.00441581
0.052155885  0.004701184
0.052197615  0.005012479
0.052239345  0.005352492
0.052281075  0.005724377
0.052322805  0.006131562
0.052364535  0.006577866
0.052406265  0.007067379
0.052447995  0.007604555
0.052489725  0.008194022
0.052531455  0.008840606
0.052573185  0.009549004
0.052614915  0.010323639
0.052683074  0.011739234
0.052730368  0.012835533
0.05277488  0.013949884
0.052819392  0.015136274
0.052986312  0.019854002
0.05302526  0.02086724
0.053064208  0.021769344
0.053103156  0.022517679
0.053132367  0.022953879
0.0531599088  0.023252565
0.053186616  0.023429112
0.0532133232  0.023490041
0.0532372484  0.023442674
0.0532628428  0.023288358
0.053295114  0.02294827
0.053324325  0.022511167
0.053353536  0.021965932
0.053392484  0.021099713
0.053431432  0.020113278
0.053598352  0.015425889
0.053642864  0.014232582
0.053687376  0.01310824
0.053731888  0.012061996
0.0537764  0.011097757
0.05381813  0.010267606
0.05385986  0.009505501
0.05390159  0.008808705
0.05394332  0.008172311
0.05398505  0.00759209
0.05402678  0.007062895
0.05406851  0.006580536
0.05411024  0.006140331
0.05415197  0.00573857
0.0541937  0.005371263
0.05423543  0.005035298
0.05427716  0.00472739
0.05431889  0.004444994
0.05436062  0.004185452
0.05440235  0.003946715
0.05444408  0.003727202
0.05449972  0.003460418
0.05455536  0.003219494
0.054611  0.003001864
0.05466664  0.002804768
0.05472228  0.002625817
0.05477792  0.002462943
0.05483356  0.002314347
0.0548892  0.002178469
0.05494484  0.002053942
0.05500048  0.001939576
0.05505612  0.001834325
0.05511176  0.001737271
0.0551674  0.001647605
0.05527868  0.001487664
0.05536214  0.001382573
0.0554456  0.001287761
0.05552906  0.001202655
0.05561252  0.00112538
0.05569598  0.00105556
0.05577944  0.000991803
0.0558629  0.000933856
0.05594636  0.000880669
0.05602982  0.000832073
0.05611328  0.000787322
0.05622456  0.000733163
0.05633584  0.000684388
0.05644712  0.000640362
0.0565584  0.000600494
0.05666968  0.000564278
0.05678096  0.000531283
0.05689224  0.00050114
0.05700352  0.000473532
0.0571148  0.000448183
0.05722608  0.000424852
0.05733736  0.000403334
0.05755992  0.000365024
0.05778248  0.000332041
0.0579494  0.000310306
0.05811632  0.000290553
0.05828324  0.00027281
0.05845016  0.000256585
0.05861708  0.000241914
0.058784  0.000228425
0.05895092  0.000216154
0.05922912  0.000197809
0.05945168  0.000184848
0.05967424  0.000173179
0.0598968  0.000162636
0.06011936  0.00015308
0.06039756  0.000142348
0.06078704  0.000129214
0.0610096  0.00012257
0.0612878  0.000115009
0.061566  0.000108179
0.0618442  0.000101987
0.0621224  9.63582e-05
0.0624006  9.12241e-05
0.0626788  8.65288e-05
0.062957  8.22234e-05
0.0635134  7.46194e-05
0.0640698  6.81363e-05
0.064348  6.52472e-05
0.0647653  6.13114e-05
0.0651826  5.77372e-05
0.0655999  5.4544e-05
0.0660172  5.16254e-05
0.0664345  4.89985e-05
0.06713  4.51e-05
0.0676864  4.23776e-05
0.0682428  3.99474e-05
0.0687992  3.77689e-05
0.0693556  3.58087e-05
0.069912  3.40385e-05
0.0704684  3.24346e-05
0.0710248  3.09769e-05
0.0721376  2.8434e-05
0.0732504  2.63e-05
0.074085  2.49257e-05
0.0749196  2.36918e-05
0.0757542  2.2606e-05
0.0765888  2.16246e-05
0.0777016  2.04783e-05
0.0788144  1.94818e-05
0.0799272  1.86118e-05
0.08104  1.78493e-05
0.0821528  1.71792e-05
0.0832656  1.65888e-05
0.0854912  1.5608e-05
0.086604  1.52017e-05
0.0882732  1.46859e-05
0.0899424  1.42527e-05
0.0916116  1.39088e-05
0.0932808  1.36295e-05
0.09495  1.34239e-05
0.0966192  1.32755e-05
0.0994012  1.31788e-05
0.1010704  1.32185e-05
0.103296  1.34182e-05
0.1044088  1.36021e-05
0.1055216  1.3864e-05
0.1063562  1.4132e-05
0.1071908  1.44696e-05
0.1083036  1.50925e-05
0.10886  1.55032e-05
0.1096946  1.62975e-05
0.1101119  1.68017e-05
0.1105292  1.74006e-05
0.1109465  1.81185e-05
0.111259475  1.87592e-05
0.11157245  1.94962e-05
0.11198975  2.06903e-05
0.1121984  2.13969e-05
0.11240705  2.21932e-05
0.1126157  2.30948e-05
0.11282435  2.41215e-05
0.113033  2.52974e-05
0.11324165  2.66511e-05
0.113398138  2.78104e-05
0.113554625  2.9106e-05
0.113711113  3.05783e-05
0.1138676  3.22367e-05
0.11407625  3.48275e-05
0.114180575  3.63139e-05
0.1142849  3.79505e-05
0.114389225  3.97584e-05
0.11449355  4.17623e-05
0.114597875  4.39918e-05
0.1147022  4.64819e-05
0.114806525  4.92752e-05
0.11491085  5.24158e-05
0.114989094  5.50404e-05
0.115067338  5.79328e-05
0.115145582  6.1132e-05
0.115223825  6.46729e-05
0.115302069  6.86174e-05
0.115380313  7.3016e-05
0.115458557  7.79569e-05
0.11551724  8.20629e-05
0.115574626  8.64479e-05
0.115631364  9.12177e-05
0.115688101  9.64616e-05
0.115742047  0.000101955
0.115795992  0.000107995
0.11584941  0.000114596
0.115901773  0.000121721
0.115954136  0.000129645
0.11600262  0.000137775
0.116049165  0.000146401
0.11609571  0.000155946
0.116142255  0.000166546
0.1161888  0.000178362
0.116235345  0.000191589
0.11628189  0.000206459
0.11631292  0.000217423
0.11634395  0.000229342
0.11637498  0.00024233
0.11640601  0.000256518
0.11643704  0.00027206
0.11646807  0.000289133
0.1164991  0.000307945
0.11653013  0.000328741
0.11656116  0.000351806
0.11659219  0.000377394
0.116615463  0.000398522
0.116638735  0.000421616
0.116662008  0.000446858
0.11668528  0.000474507
0.116708553  0.000504881
0.116731825  0.000538349
0.116755098  0.000575348
0.11677837  0.00061639
0.116801643  0.00066209
0.116824915  0.000713177
0.11684043  0.000750658
0.116855945  0.000791229
0.11687146  0.000835237
0.116886975  0.000883085
0.11690249  0.000935231
0.116918005  0.000992208
0.11693352  0.00105463
0.116949035  0.001123216
0.11696455  0.001198804
0.116982005  0.001293426
0.116993641  0.001362876
0.117005277  0.001438045
0.117016914  0.001519641
0.11702855  0.001608512
0.117040186  0.001705591
0.117051822  0.001811878
0.117062004  0.00191334
0.117075095  0.002056927
0.117088186  0.002217443
0.117096913  0.0023352
0.117105641  0.002462679
0.117114368  0.002600949
0.117123095  0.002751283
0.117131337  0.002905643
0.117139095  0.003063203
0.117146852  0.003234
0.11715461  0.003419612
0.117162367  0.003621753
0.117170125  0.003842508
0.117177882  0.004084167
0.11718564  0.004349516
0.117192524  0.004607329
0.117198536  0.004851776
0.117204548  0.005116285
0.11721056  0.005403152
0.117216572  0.005715024
0.117222584  0.00605495
0.117228596  0.006426427
0.117234608  0.006833468
0.117239942  0.007228102
0.117246923  0.007798718
0.117251578  0.008217803
0.117256232  0.008671704
0.117260887  0.009164672
0.117265541  0.00970117
0.117270196  0.010286834
0.11727485  0.010927666
0.117278729  0.011509242
0.117282608  0.012139105
0.117286487  0.012822797
0.117290365  0.013566483
0.117294244  0.01437789
0.117298123  0.015265349
0.117302002  0.016238782
0.11730588  0.017309515
0.117308983  0.018245624
0.117312086  0.019261026
0.117315189  0.020365076
0.117318292  0.021568576
0.117321395  0.022884058
0.117324498  0.024326133
0.117327601  0.025911931
0.117330704  0.027661655
0.117333226  0.029220935
0.117335747  0.030918632
0.117338268  0.032772819
0.117340789  0.034803866
0.117343311  0.037036546
0.117345832  0.039497134
0.117348353  0.042219578
0.117350874  0.045243114
0.117352814  0.047803859
0.117354753  0.050593659
0.117356693  0.0536438
0.117358632  0.056983682
0.117360572  0.060654065
0.117362511  0.064693841
0.11736445  0.069153524
0.117366389  0.074088551
0.117368135  0.078990888
0.11736988  0.084377578
0.117371626  0.090311575
0.117373371  0.096848408
0.117375117  0.104063504
0.117376862  0.112021774
0.117378607  0.120805051
0.117380352  0.130495106
0.11738171  0.138717564
0.117383068  0.147580471
0.117384426  0.157123718
0.117385783  0.167378299
0.117387141  0.178396198
0.117388498  0.190195093
0.117389856  0.202822276
0.117391747  0.221816493
0.117393347  0.239199798
0.117394947  0.25779659
0.11739708  0.28445489
0.117399213  0.313161021
0.117401686  0.348774945
0.117404595  0.393302783
0.11741274  0.523435019
0.117415261  0.561401736
0.117417588  0.593618428
0.117419916  0.622113446
0.117421622  0.64008036
0.117423484  0.656439841
0.117425191  0.668151201
0.117426743  0.675871603
0.117428651  0.681353314
0.11743  0.68248996
0.117431916  0.680173535
0.117434034  0.672320392
0.117435585  0.663174154
0.117437447  0.648630864
0.117439309  0.630516192
0.117441637  0.60346199
0.117443964  0.572370985
0.117446388  0.53673288
0.117455407  0.393172287
0.117458316  0.348660684
0.117460789  0.313062091
0.117462923  0.284356536
0.117465056  0.257712544
0.117466655  0.239137335
0.117468255  0.221763128
0.117470146  0.202778899
0.117471503  0.190167314
0.117472861  0.17836554
0.117474218  0.16736108
0.117475576  0.157103781
0.117476933  0.147571929
0.117478291  0.138712693
0.117479648  0.130499317
0.1174812  0.121837643
0.117482751  0.113904996
0.117484303  0.106633294
0.117485854  0.099976378
0.117487406  0.093872907
0.117488957  0.088281219
0.117490509  0.083147938
0.11749206  0.078437039
0.117494  0.073074959
0.117495939  0.068240522
0.117497879  0.063867436
0.117499818  0.059906187
0.117501758  0.056305225
0.117503697  0.053026745
0.117505636  0.050032546
0.117507575  0.047290994
0.117509903  0.044294549
0.11751223  0.041582627
0.117514557  0.039118894
0.117516884  0.03687352
0.117519212  0.034820148
0.117521539  0.032938643
0.117523866  0.03120923
0.117526193  0.02961561
0.117529296  0.027677643
0.117532399  0.025927576
0.117535502  0.02434144
0.117538605  0.022899036
0.117541708  0.021583234
0.117544811  0.020379422
0.117547914  0.01927507
0.117551017  0.018259376
0.117554508  0.017211058
0.117557999  0.016251647
0.11756149  0.015371263
0.117564981  0.014561374
0.117568472  0.013814584
0.117573709  0.012798751
0.117578944  0.01189248
0.117583599  0.011165944
0.117588253  0.01050483
0.117592908  0.009901197
0.117597562  0.009348728
0.117602217  0.008841513
0.117606871  0.008374864
0.117611526  0.007944327
0.11761618  0.007546399
0.117621999  0.00708975
0.117627817  0.006673612
0.117633635  0.006293303
0.117639453  0.005944852
0.117645271  0.005624797
0.117651089  0.005330105
0.117656907  0.005058123
0.117662725  0.004806538
0.117669513  0.004536117
0.117676301  0.00428797
0.117683089  0.004059723
0.117689877  0.003849314
0.117696665  0.003654936
0.117706847  0.003390009
0.117717028  0.003153064
0.117725756  0.002969284
0.117734483  0.002801233
0.11774321  0.002647144
0.117751937  0.002505511
0.117760664  0.002375022
0.117769391  0.002254537
0.117782482  0.00209041
0.117792664  0.001974923
0.1178043  0.001854377
0.117815936  0.001744636
0.117827572  0.001644473
0.117839209  0.001552839
0.117850845  0.001468806
0.117862481  0.001391473
0.117874117  0.001320078
0.117886723  0.001248755
0.117900299  0.00117826
0.117913875  0.00111363
0.117927451  0.001054237
0.117941026  0.000999533
0.117954602  0.000949031
0.117974965  0.000880259
0.118004055  0.000794449
0.11801957  0.000753799
0.118042843  0.000698526
0.118066115  0.000649222
0.118089388  0.000605053
0.11811266  0.000565333
0.118135933  0.000529481
0.118159205  0.000497012
0.118182478  0.000467512
0.11820575  0.000440631
0.118229023  0.000416067
0.118252295  0.000393586
0.118283325  0.000366515
0.118314355  0.000342146
0.118345385  0.000320189
0.118376415  0.000300358
0.118407445  0.000282388
0.118438475  0.000266053
0.118469505  0.00025116
0.118500535  0.000237544
0.118531565  0.000225064
0.118562595  0.000213595
0.118593625  0.000203033
0.11864017  0.000188687
0.118686715  0.000175906
0.11873326  0.000164471
0.118779805  0.0001542
0.11882635  0.000144938
0.118872895  0.000136558
0.11891944  0.000128952
0.118965985  0.00012203
0.119016409  0.000115227
0.119068773  0.000108791
0.119121135  0.000102946
0.119173499  9.76205e-05
0.119225862  9.27549e-05
0.119280164  8.81396e-05
0.119338345  8.36254e-05
0.11941592  7.82191e-05
0.11947798  7.43232e-05
0.11954004  7.07664e-05
0.11966416  6.45224e-05
0.11975725  6.04862e-05
0.119827579  5.77399e-05
0.119945476  5.36483e-05
0.120040612  5.07396e-05
0.120135747  4.8133e-05
0.120230883  4.57884e-05
0.120326018  4.36718e-05
0.120421154  4.17547e-05
0.120611425  3.84257e-05
0.120754128  3.63034e-05
0.120896831  3.44274e-05
0.121039535  3.27813e-05
0.121182237  3.13124e-05
0.121348724  2.98061e-05
0.121562778  2.81327e-05
0.121753049  2.68503e-05
0.12194332  2.57294e-05
0.122133591  2.47445e-05
0.122323862  2.38749e-05
0.122704404  2.24171e-05
0.12298981  2.15264e-05
0.123275216  2.07588e-05
0.123560623  2.01095e-05
0.1240363  1.92128e-05
0.124416841  1.86355e-05
0.124797383  1.81546e-05
0.125177925  1.77522e-05
0.125748738  1.72712e-05
0.126700092  1.66896e-05
0.127461175  1.63811e-05
0.128222259  1.61712e-05
0.129744426  1.59684e-05
0.130505509  1.59509e-05
0.131647134  1.60154e-05
0.133185366  1.62431e-05
0.134343057  1.65427e-05
0.135211326  1.68618e-05
0.136079593  1.72755e-05
0.136658438  1.7636e-05
0.137381996  1.82225e-05
0.137816129  1.86696e-05
0.138250263  1.92346e-05
0.138684397  1.99366e-05
0.138973819  2.05241e-05
0.139263242  2.1235e-05
0.13948031  2.18778e-05
0.139697377  2.26307e-05
0.139986799  2.38795e-05
0.14013151  2.46373e-05
0.140276222  2.55087e-05
0.140420933  2.65185e-05
0.140601822  2.80214e-05
0.140710355  2.90851e-05
0.140818889  3.03032e-05
0.140927423  3.1697e-05
0.141035956  3.33159e-05
0.141180667  3.58984e-05
0.141253023  3.74167e-05
0.1413246  3.90869e-05
0.1413954  4.09573e-05
0.1414662  4.30695e-05
0.141537  4.54679e-05
0.14160485  4.8085e-05
0.14166975  5.09304e-05
0.1417199  5.3403e-05
0.141773  5.63276e-05
0.1418261  5.96157e-05
0.14188215  6.35507e-05
0.1419205  6.6564e-05
0.14195885  6.98907e-05
0.1419972  7.35322e-05
0.1420326  7.72337e-05
0.142068  8.1328e-05
0.1421034  8.58535e-05
0.1421388  9.08723e-05
0.1421742  9.64593e-05
0.1422096  0.000102704
0.142245  0.000109712
0.14227155  0.000115548
0.1422981  0.000121953
0.14232465  0.000129002
0.1423512  0.000136785
0.14237775  0.000145409
0.1424043  0.000154999
0.142430113  0.000165392
0.14245445  0.000176304
0.142478788  0.000188465
0.142503125  0.000202052
0.142527463  0.000217288
0.142543688  0.000228535
0.142559175  0.000240196
0.1425813  0.000258612
0.14259605  0.000272188
0.1426108  0.000286943
0.14262555  0.000303017
0.1426403  0.000320572
0.14265505  0.000339797
0.1426698  0.000360911
0.1426875  0.000389104
0.1426993  0.000409874
0.1427111  0.000432437
0.1427229  0.000457004
0.1427347  0.000483821
0.1427465  0.000513172
0.1427583  0.000545387
0.142768625  0.000576225
0.1427819  0.000620006
0.142795175  0.000669117
0.142804025  0.000705253
0.142812875  0.000744477
0.142821725  0.000787172
0.142830575  0.000833774
0.142838688  0.00088035
0.142846063  0.000926264
0.142853438  0.000975964
0.142860813  0.001029875
0.142868188  0.001088486
0.142875563  0.001152361
0.142882938  0.001222153
0.142890313  0.00129862
0.14289695  0.001373869
0.14290285  0.001446503
0.14290875  0.001525167
0.14291465  0.001610552
0.14292055  0.001703451
0.14292645  0.001804775
0.14293235  0.001915581
0.14293825  0.002037098
0.142943413  0.002153344
0.14295005  0.002318258
0.142954475  0.002439152
0.1429589  0.002569932
0.142963325  0.002711721
0.14296775  0.002865809
0.142972175  0.003033683
0.1429766  0.00321706
0.142980435  0.003390062
0.14298427  0.003577706
0.142988105  0.00378172
0.14299194  0.004004101
0.142995775  0.004247173
0.14299961  0.004513649
0.143003445  0.004806714
0.14300728  0.005130132
0.14301023  0.005402347
0.14301318  0.005697533
0.14301613  0.006018433
0.14301908  0.00636823
0.14302203  0.006750635
0.14302498  0.007169997
0.14302793  0.007631453
0.14303088  0.008141107
0.14303324  0.0085884
0.1430356  0.00907562
0.14303796  0.009607943
0.14304032  0.010191451
0.14304268  0.010833334
0.14304504  0.011542128
0.1430474  0.012328018
0.14304976  0.0132032
0.143051825  0.014053682
0.14305389  0.014995368
0.143055955  0.016041979
0.14305802  0.017209646
0.143059569  0.018176272
0.143061118  0.019230755
0.143062667  0.020383368
0.143064215  0.021644753
0.143065764  0.023029348
0.143067092  0.024324616
0.143068714  0.026057239
0.143070337  0.027975189
0.143071959  0.030097568
0.143073582  0.032450339
0.143075204  0.035055716
0.143076421  0.037193364
0.143077638  0.039500837
0.143078855  0.041990318
0.143079924  0.044337052
0.143081252  0.047474166
0.143082579  0.050869681
0.143083907  0.054544819
0.143085234  0.058509595
0.143086562  0.062784668
0.143087889  0.067377009
0.143089217  0.072305281
0.143090913  0.079097834
0.143092462  0.085800923
0.14309401  0.092980412
0.143095559  0.100642798
0.143097624  0.111581674
0.14309991  0.124596639
0.143102565  0.14075538
0.143112448  0.205312697
0.143115103  0.221721299
0.143117699  0.236347077
0.143119602  0.24585979
0.143121504  0.254119626
0.143123274  0.260526783
0.143125044  0.265572277
0.143126814  0.269155833
0.143128525  0.271162087
0.14313  0.271710841
0.143132006  0.270689419
0.143133776  0.268117116
0.143135841  0.263209093
0.143137611  0.257464176
0.143139765  0.248730116
0.143141033  0.242786154
0.14314357  0.229376266
0.143146225  0.21362749
0.143155665  0.152001711
0.14315832  0.135236042
0.143160975  0.119433502
0.143162893  0.10875301
0.143164958  0.098021657
0.143166507  0.090520527
0.143168055  0.083503805
0.143169604  0.076962721
0.143170784  0.072298443
0.143172112  0.067371882
0.143173439  0.062781095
0.143174767  0.058507422
0.143176094  0.054543892
0.143177422  0.050869855
0.143178749  0.047475301
0.143180077  0.044339017
0.143181552  0.041141558
0.143182769  0.038714711
0.143183985  0.036467467
0.143185203  0.034382427
0.143186419  0.032454778
0.143188042  0.030102333
0.143189664  0.02798019
0.143191287  0.026062401
0.143192909  0.024329879
0.143194237  0.023034656
0.143195785  0.021650934
0.143197334  0.020388686
0.143198883  0.019236041
0.143200432  0.018181511
0.14320198  0.017215423
0.143204045  0.016047599
0.14320611  0.015000832
0.143208175  0.014058994
0.14321024  0.013208364
0.1432126  0.01233302
0.14321496  0.01154698
0.14321732  0.010838044
0.14321968  0.010196028
0.14322204  0.009612394
0.1432244  0.009079955
0.14322676  0.008592625
0.14322912  0.008145228
0.14323207  0.007635453
0.14323502  0.007173884
0.14323797  0.006754415
0.14324092  0.006371911
0.14324387  0.006022019
0.14324682  0.005701031
0.14324977  0.005405761
0.14325272  0.005133466
0.14325626  0.004833706
0.1432598  0.004560077
0.14326334  0.004309561
0.14326688  0.004079574
0.14327042  0.003867889
0.14327396  0.003672581
0.14327927  0.003406723
0.1432834  0.003219758
0.14328812  0.003024652
0.14329284  0.002847055
0.14329756  0.002684909
0.14330228  0.002536454
0.143307  0.002400172
0.14331172  0.002274752
0.14331644  0.002159057
0.14332175  0.002039297
0.14332765  0.001917723
0.14333355  0.001806861
0.14333945  0.001705485
0.14334535  0.001612538
0.14335125  0.001527107
0.14335715  0.0014484
0.14336305  0.001375725
0.143369688  0.001300421
0.143377063  0.00122391
0.143384438  0.001154076
0.143391813  0.001090162
0.143399188  0.001031514
0.143406563  0.000977568
0.143413938  0.000927836
0.143425  0.000860225
0.14343385  0.000811453
0.1434427  0.00076683
0.14345155  0.000725892
0.1434604  0.000688228
0.14346925  0.000653485
0.143482525  0.000606204
0.1434958  0.000563999
0.1435076  0.000530184
0.1435194  0.00049942
0.1435312  0.00047135
0.143543  0.00044567
0.1435548  0.000422114
0.1435666  0.000400454
0.1435784  0.000380492
0.1435902  0.000362054
0.14360495  0.000340922
0.1436197  0.00032168
0.14363445  0.00030411
0.1436492  0.000288022
0.14366395  0.000273255
0.1436787  0.000259668
0.143700825  0.000241236
0.143716313  0.000229565
0.143732538  0.000218309
0.143756875  0.000203062
0.143781213  0.000189465
0.14380555  0.000177297
0.143829888  0.000166379
0.1438557  0.000155982
0.14388225  0.000146388
0.1439088  0.000137762
0.14393535  0.000129977
0.1439619  0.000122928
0.14398845  0.000116524
0.144015  0.00011069
0.1440504  0.000103684
0.1440858  9.74453e-05
0.1441212  9.18645e-05
0.1441566  8.68526e-05
0.144192  8.23352e-05
0.1442274  7.82497e-05
0.1442628  7.45579e-05
0.14430115  7.09275e-05
0.1443395  6.76128e-05
0.14437785  6.4612e-05
0.1444339  6.06965e-05
0.144487  5.74278e-05
0.1445401  5.45236e-05
0.14459025  5.20711e-05
0.14465515  4.92526e-05
0.144723  4.66646e-05
0.1447938  4.42975e-05
0.1448646  4.22175e-05
0.1449354  4.03801e-05
0.145005002  3.87847e-05
0.145073406  3.7374e-05
0.14517601  3.55189e-05
0.145278615  3.39337e-05
0.145381219  3.25606e-05
0.145483824  3.13717e-05
0.145654832  2.97135e-05
0.145791638  2.86156e-05
0.145928444  2.7682e-05
0.14606525  2.68828e-05
0.146202057  2.61948e-05
0.146407266  2.53368e-05
0.146612475  2.46316e-05
0.146886088  2.38901e-05
0.1471597  2.33148e-05
0.147433313  2.28666e-05
0.147706925  2.25163e-05
0.148117344  2.21357e-05
0.148801375  2.17484e-05
0.1493486  2.16007e-05
0.149895825  2.15499e-05
0.1515375  2.1765e-05
0.15263195  2.21028e-05
0.15482085  2.3071e-05
0.156462525  2.40037e-05
0.1581042  2.50728e-05
0.159745875  2.63119e-05
0.16138755  2.76982e-05
0.162954  2.92066e-05
0.16531  3.18167e-05
0.166685  3.35798e-05
0.16806  3.55464e-05
0.169435  3.7749e-05
0.17081  4.02255e-05
0.17184125  4.23019e-05
0.1728725  4.45635e-05
0.17390375  4.70838e-05
0.174935  4.98462e-05
0.17596625  5.29514e-05
0.17686  5.58985e-05
0.177730375  5.91063e-05
0.17851  6.22261e-05
0.179357  6.59915e-05
0.180340125  7.09075e-05
0.1814085  7.70236e-05
0.182019  8.09522e-05
0.183185  8.95582e-05
0.183887625  9.56109e-05
0.1844225  0.000100737
0.18511  0.000108143
0.18566  0.000114917
0.1862595  0.000123427
0.186672  0.000130187
0.187035  0.000136992
0.187365  0.000144135
0.187585  0.000149595
0.18797  0.000161182
0.188135  0.000167282
0.1883  0.000174476
0.1884375  0.00018149
0.18856125  0.000189027
0.18872625  0.000201448
0.18880875  0.000209147
0.18889125  0.000218196
0.188953125  0.000226114
0.189015  0.000235265
0.189076875  0.000245966
0.18913875  0.000258541
0.18918  0.000268324
0.18922125  0.000279484
0.1892625  0.000292289
0.18930375  0.000307105
0.189334688  0.000319819
0.189363907  0.000333339
0.189392266  0.00034812
0.189420625  0.000364836
0.189448985  0.000383846
0.189477344  0.000405552
0.189504844  0.000429747
0.189530625  0.000455934
0.189547813  0.000475612
0.189565  0.000497346
0.189582188  0.000521443
0.189599375  0.000548261
0.189616563  0.000578238
0.18963375  0.000611896
0.189646641  0.000639936
0.189659532  0.000670726
0.189672423  0.000704641
0.189685313  0.000742118
0.189698204  0.000783675
0.189711094  0.000829909
0.189723985  0.000881563
0.189736875  0.000939552
0.189749766  0.001005022
0.18975836  0.00105349
0.189766954  0.001106363
0.189775547  0.001164179
0.189784141  0.001227589
0.189792735  0.001297332
0.189801329  0.001374287
0.189809063  0.00145056
0.189815938  0.001524684
0.189822813  0.001605514
0.189829688  0.001693886
0.189836563  0.001790779
0.189843438  0.001897332
0.189850313  0.002014889
0.189857188  0.002145042
0.189863118  0.002268868
0.189870594  0.002442587
0.189875579  0.002570903
0.189880563  0.002710572
0.189885548  0.002863053
0.189890532  0.003029919
0.189895516  0.0032131
0.1899005  0.003414838
0.189904625  0.003597713
0.18990875  0.003796864
0.189912875  0.004014335
0.189917  0.004252508
0.189921125  0.004514181
0.18992525  0.004802652
0.189929375  0.005121839
0.1899335  0.005476427
0.189936594  0.00576898
0.189939688  0.006087425
0.189942782  0.006435047
0.189945875  0.006815569
0.189948969  0.007233777
0.189952063  0.007694945
0.189955157  0.008205516
0.18995825  0.008773054
0.189961  0.009333176
0.18996375  0.009953793
0.1899665  0.010644421
0.18996925  0.011416493
0.189971313  0.012057341
0.189973375  0.012758194
0.189975438  0.013527588
0.1899775  0.014373801
0.189979563  0.015308012
0.189981282  0.016161858
0.189983344  0.017288076
0.189985407  0.018540428
0.189987469  0.019934657
0.189989016  0.021085567
0.189990563  0.02233616
0.18999211  0.023695974
0.189993657  0.025175248
0.189995204  0.026784906
0.18999675  0.028535346
0.189998297  0.030441005
0.189999844  0.032513498
0.190001391  0.034765946
0.190002938  0.037211753
0.190004485  0.03986444
0.190006032  0.042737448
0.190007579  0.045843901
0.190009125  0.049194086
0.1900105  0.052389551
0.190012563  0.05758157
0.190014625  0.063265858
0.190016688  0.069461961
0.19001875  0.076169627
0.190020727  0.083080023
0.190023134  0.092105782
0.19002554  0.101754222
0.190028547  0.114577389
0.190039719  0.165499817
0.190042813  0.178834759
0.190045632  0.189945687
0.19004845  0.199686409
0.190050925  0.206846068
0.1900534  0.21249008
0.190055463  0.21591762
0.190057525  0.218107394
0.19006  0.219041922
0.190062125  0.218350011
0.190064125  0.216450539
0.190066463  0.212746922
0.190068388  0.208562697
0.190072238  0.197440921
0.190075125  0.187068325
0.190078219  0.174484009
0.190082173  0.156949248
0.190089306  0.124142737
0.190092657  0.109351225
0.190094891  0.099985159
0.190097125  0.091108471
0.190099532  0.082156114
0.190101337  0.07588582
0.190103141  0.070009946
0.190104946  0.064524932
0.19010675  0.059433864
0.190108297  0.055373345
0.190109844  0.051586816
0.190111391  0.048064884
0.190112938  0.044796687
0.190114485  0.041770254
0.190116032  0.038972827
0.190117579  0.036391157
0.190119125  0.034013237
0.190120889  0.031529541
0.190122653  0.02927161
0.190124417  0.027220328
0.190126181  0.025357398
0.190127945  0.023665505
0.190129709  0.022128431
0.190131473  0.020731113
0.190133237  0.019459677
0.190134882  0.018376241
0.190136526  0.017382408
0.190138718  0.016180956
0.19014091  0.015104387
0.190143103  0.014136483
0.190145295  0.013264387
0.190147487  0.012475742
0.190149679  0.011760276
0.190152237  0.011006123
0.19015443  0.010420211
0.190156622  0.009883683
0.190159545  0.009235172
0.190162468  0.008653128
0.190165391  0.008128385
0.190168314  0.007653331
0.190171237  0.007221609
0.19017416  0.006827881
0.190177814  0.00638231
0.190181468  0.005981744
0.190185122  0.005620112
0.190188775  0.005292455
0.190192429  0.004994368
0.190196083  0.004722374
0.190199737  0.00447344
0.19020339  0.004245032
0.190207775  0.003994746
0.19021216  0.003767441
0.190216545  0.003560331
0.190220929  0.003371088
0.190225314  0.0031976
0.190229698  0.003038204
0.190236275  0.002822193
0.190241391  0.002670965
0.190247237  0.002513807
0.190253083  0.002371325
0.190258929  0.002241734
0.190264775  0.002123515
0.190270621  0.00201537
0.190276467  0.00191618
0.190285236  0.001782111
0.190292972  0.001676583
0.190300707  0.001581384
0.190308443  0.001495178
0.190316178  0.00141688
0.190323914  0.001345526
0.190331649  0.001280329
0.19034712  0.001165709
0.190357708  0.001097562
0.190368295  0.001036466
0.190378882  0.000981482
0.190389469  0.000931832
0.190400057  0.000886857
0.190410644  0.000846001
0.190421231  0.000808764
0.19043615  0.000761613
0.190449143  0.000724936
0.190462137  0.000691798
0.190475131  0.000661776
0.190492455  0.000625967
0.19050978  0.000594309
0.190527104  0.000566194
0.190544429  0.000541118
0.190561753  0.000518669
0.190581003  0.000496383
0.190602178  0.000474648
0.190623353  0.000455406
0.190644527  0.000438309
0.190676289  0.000416098
0.190708051  0.000397244
0.190739812  0.000381054
0.190778312  0.000364421
0.190816811  0.000350468
0.19085531  0.000338691
0.190893809  0.000328697
0.190932308  0.000320181
0.190990057  0.000309734
0.191047805  0.00030141
0.191117105  0.00029357
0.191232602  0.000284496
0.191325  0.000279855
0.191417398  0.000276919
0.191617594  0.000274543
0.19178699  0.000275618
0.191971787  0.000278917
0.19227978  0.000287883
0.192526175  0.000297507
0.19277257  0.000308883
0.193018965  0.00032188
0.19326536  0.000336454
0.193511755  0.000352633
0.19375815  0.000370495
0.194004545  0.000390161
0.19425094  0.000411791
0.194497335  0.000435583
0.19474373  0.000461774
0.194990125  0.000490647
0.19523652  0.000522529
0.195482915  0.000557805
0.19572931  0.000596923
0.195975705  0.000640403
0.1962221  0.000688794
0.196406897  0.000728834
0.196591693  0.000772256
0.196776489  0.000819759
0.196961285  0.000871339
0.197146082  0.000927902
0.197330878  0.000989436
0.197515674  0.001057029
0.19770047  0.001130636
0.197885267  0.001211522
0.198070063  0.001299563
0.198254859  0.00139614
0.198439655  0.001500953
0.198624452  0.001615329
0.198784608  0.001721531
0.198981724  0.001862258
0.19917884  0.002013176
0.199474514  0.002255816
0.200065862  0.002761767
0.200262978  0.00291741
0.200460094  0.003054532
0.200607931  0.003140384
0.200755768  0.003208133
0.200903605  0.003255108
0.201130288  0.003282887
0.201248558  0.003274945
0.201396395  0.003244332
0.201544232  0.003191869
0.201790627  0.003062458
0.201987743  0.002929413
0.202184859  0.00277878
0.202825486  0.002252438
0.203022602  0.002097945
0.203219718  0.001952193
0.203416834  0.00181649
0.20361395  0.001691428
0.203798747  0.001584087
0.203983543  0.001485368
0.204168339  0.00139575
0.204353135  0.001313913
0.204584322  0.001222429
0.204768791  0.001156877
0.204953261  0.001097854
0.205193313  0.001029221
0.205371875  0.000983794
0.205550438  0.000942663
0.205907563  0.000871814
0.206264688  0.000814048
0.206532532  0.000778188
0.206800375  0.000747354
0.207068219  0.000721596
0.2074432  0.000692184
0.2077289  0.000674584
0.2080146  0.000660564
0.2083003  0.000649717
0.2088717  0.000636162
0.209514525  0.000631391
0.2100145  0.000633591
0.2105859  0.00064053
0.2123001  0.000670638
0.2128715  0.00067707
0.21330005  0.000678808
0.2137286  0.000677275
0.21424286  0.000670661
0.21472855  0.000659428
0.2151571  0.000645714
0.21558565  0.000628786
0.21615705  0.000602104
0.2168713  0.000564142
0.2185855  0.000467258
0.21929975  0.000429437
0.21987115  0.000401374
0.22044255  0.000375563
0.22101395  0.000352108
0.2214425  0.000336015
0.221978188  0.000317888
0.222513875  0.000301552
0.223049563  0.000287262
0.22358525  0.000274605
0.224120938  0.000263802
0.224656625  0.000254487
0.225192313  0.000246881
0.225728  0.000240672
0.226263688  0.000236112
0.226799375  0.00023294
0.227513625  0.000231241
0.228049313  0.000231903
0.228585  0.000234371
0.228942125  0.000237099
0.22929925  0.000240789
0.229656375  0.000245522
0.2300135  0.00025141
0.230370625  0.000258582
0.23072775  0.000267199
0.231084875  0.000277458
0.231442  0.0002896
0.231799125  0.000303902
0.232066969  0.000316321
0.232334813  0.000330266
0.232602657  0.000346173
0.2328705  0.000364049
0.233138344  0.000384519
0.233495469  0.000416205
0.233674032  0.00043432
0.233852594  0.000454205
0.234120438  0.000487718
0.234299  0.00051319
0.234477563  0.000541573
0.234656125  0.000573432
0.234834688  0.000609468
0.23496861  0.000639956
0.235102532  0.000674097
0.235236454  0.000712987
0.235325735  0.000742126
0.235415016  0.000774535
0.235548938  0.000830979
0.235638219  0.000875595
0.23570518  0.000914023
0.235772141  0.000958211
0.235839103  0.001009655
0.235883743  0.001049102
0.235928384  0.001093754
0.235973024  0.001144768
0.236017665  0.001203516
0.236051145  0.001254392
0.236084625  0.00131238
0.236118106  0.001379033
0.236151587  0.001456461
0.236173907  0.001515417
0.236196228  0.001581456
0.236218548  0.001655864
0.236240868  0.001740181
0.236263188  0.001836347
0.236284114  0.001939706
0.236305039  0.00205878
0.236318989  0.002148571
0.23633294  0.00224813
0.23634689  0.002358965
0.23636084  0.002482927
0.23637479  0.002622258
0.236385722  0.002743946
0.236396654  0.002878332
0.236407586  0.003027292
0.236418518  0.003193057
0.23642945  0.003378298
0.236440382  0.00358624
0.236451314  0.003820815
0.236459513  0.004017105
0.236469291  0.004277812
0.236476336  0.004486266
0.236483381  0.004714513
0.236490426  0.004965195
0.236497472  0.005241433
0.236504517  0.005546767
0.236511562  0.005885511
0.236518607  0.00626275
0.236524372  0.006604309
0.236530136  0.006979585
0.2365359  0.007393261
0.236541664  0.007850782
0.236547428  0.008358591
0.236553192  0.008924362
0.236558956  0.009557282
0.236563279  0.010082618
0.236568563  0.010792548
0.236572406  0.011362035
0.236576249  0.011982244
0.236580091  0.012659138
0.236583934  0.013400134
0.236587777  0.0142132
0.23659162  0.015107717
0.236595462  0.016094241
0.236598509  0.016950407
0.236601555  0.017879145
0.236604602  0.018888962
0.236607648  0.019988
0.236610695  0.021186776
0.236613741  0.022495346
0.236616788  0.023926516
0.236619834  0.025492408
0.236622339  0.026891422
0.236624844  0.028399813
0.236627349  0.030026401
0.236629853  0.031779622
0.236632358  0.033670268
0.236634862  0.035706304
0.236637367  0.037898736
0.236640915  0.041287841
0.236644046  0.04457169
0.236647177  0.048144337
0.236650307  0.052013975
0.236653438  0.056187346
0.236656568  0.060659403
0.236660325  0.066407963
0.236664082  0.072536496
0.236669718  0.082305962
0.236682366  0.105057483
0.236687209  0.113173088
0.236690965  0.118865646
0.236694722  0.123838262
0.236697644  0.127099978
0.236700984  0.130082217
0.236704323  0.132187251
0.236707663  0.133354863
0.23671  0.133594295
0.236712338  0.133353174
0.236715678  0.132183298
0.236719017  0.130076362
0.236722357  0.127092766
0.236725279  0.123830427
0.236729035  0.11885932
0.236732792  0.113166479
0.236737749  0.104855228
0.236750864  0.081285304
0.236754868  0.074328851
0.236758872  0.067712493
0.236762876  0.061515227
0.236766005  0.056996532
0.236769383  0.052453372
0.236772761  0.048262165
0.23677614  0.044416931
0.236779518  0.040907969
0.236782896  0.037716995
0.236785399  0.035545699
0.236787901  0.033529495
0.236790404  0.031657403
0.236792906  0.029921477
0.236795409  0.028310985
0.236797911  0.026818118
0.236801665  0.024778581
0.236804588  0.023341426
0.236807932  0.021842371
0.236811276  0.020482365
0.23681462  0.019246484
0.236817964  0.018121358
0.236821308  0.017095078
0.236824652  0.016157076
0.236827996  0.015298002
0.236831757  0.014415867
0.236835937  0.013527899
0.236840117  0.012725517
0.236844297  0.011998288
0.236848477  0.01133726
0.236852657  0.010734739
0.236856837  0.010184089
0.236861017  0.009679568
0.236866032  0.009128171
0.236871884  0.008549863
0.236877736  0.008032346
0.236883588  0.007567396
0.236889439  0.007148199
0.236895291  0.006768822
0.236901143  0.006424446
0.236906995  0.00611091
0.2369141  0.005766614
0.23692246  0.005405793
0.23693082  0.005086021
0.23693918  0.004801357
0.236947539  0.004546921
0.236955899  0.004318575
0.236964259  0.004112945
0.236972619  0.003927165
0.236983486  0.003711403
0.236993518  0.00353452
0.237003549  0.003376057
0.237016925  0.003189191
0.2370303  0.003025962
0.237043676  0.002882588
0.237057051  0.002756105
0.237070427  0.002644067
0.237089236  0.002507163
0.237105538  0.002404899
0.23712184  0.00231537
0.237138141  0.002236694
0.237159876  0.002146083
0.237181611  0.002069135
0.237203346  0.002003266
0.237225081  0.001946507
0.237257683  0.001875575
0.237292795  0.001814615
0.237327905  0.001766226
0.237363016  0.001727836
0.237398126  0.001697781
0.23744494  0.001667116
0.237498442  0.001642358
0.237551944  0.001626309
0.237632197  0.001614205
0.237685699  0.001611904
0.237779328  0.001616394
0.237926458  0.001636595
0.238407976  0.001736634
0.238621984  0.00177266
0.23878249  0.001790203
0.238969747  0.001798084
0.239098152  0.001794875
0.239264008  0.001780208
0.239424514  0.001755266
0.23958502  0.001720686
0.239799028  0.001662086
0.240013036  0.001593025
0.24065506  0.001367684
0.240869068  0.001300652
0.241029574  0.001257499
0.24119008  0.001222357
0.241297084  0.001204955
0.241404088  0.001193523
0.241511092  0.001189271
0.241591345  0.001192015
0.241671598  0.001201273
0.241746  0.001217013
0.241808697  0.001236508
0.241871395  0.001262614
0.241934093  0.001297639
0.241975891  0.001326888
0.24201769  0.001361679
0.242059488  0.001402963
0.242101287  0.001451914
0.242143085  0.001509988
0.242184884  0.001579009
0.242216233  0.001639326
0.242247582  0.001708268
0.242278931  0.001787093
0.242310279  0.001877465
0.242341628  0.001982068
0.242372976  0.002103493
0.242393875  0.002195318
0.242413954  0.002292986
0.242434032  0.002401136
0.24245411  0.00252119
0.242474188  0.002654796
0.242494266  0.002803864
0.242514344  0.002970621
0.242534422  0.003157742
0.2425545  0.003368471
0.242574653  0.003607546
0.242588088  0.003784432
0.242601523  0.003977077
0.242614958  0.004187197
0.242628393  0.004416718
0.242641828  0.004667798
0.242655262  0.004942822
0.242667845  0.005224529
0.242679576  0.005510343
0.242691307  0.005820738
0.242703037  0.006158042
0.242714768  0.006524815
0.242726499  0.006923598
0.24273823  0.007356993
0.24274996  0.007827668
0.242760562  0.008287539
0.242774772  0.008958869
0.242788982  0.00969682
0.242803191  0.010503741
0.242817401  0.011379705
0.24283161  0.012321019
0.242846438  0.013363773
0.24289092  0.016642284
0.242907395  0.017769362
0.242919752  0.018516681
0.242932108  0.01914376
0.242944464  0.019620301
0.242952702  0.019841721
0.242962916  0.01999965
0.242969671  0.020030304
0.242980462  0.019955891
0.242991706  0.019720519
0.24300295  0.019334749
0.243015307  0.01875769
0.243027663  0.018048306
0.243044138  0.01695209
0.243093563  0.013303975
0.243110038  0.012143278
0.243126513  0.011060732
0.243139384  0.010277148
0.243153285  0.009494606
0.243167186  0.008777681
0.243181087  0.008123853
0.243194988  0.007529398
0.243208888  0.006989983
0.243224334  0.006449456
0.243239779  0.005964859
0.243255225  0.00553016
0.24327067  0.005139937
0.243286115  0.004789198
0.243297956  0.004544179
0.243311342  0.004289492
0.243324728  0.004056062
0.243338114  0.003841725
0.2433515  0.003644632
0.243364886  0.00346315
0.243384965  0.003216999
0.24339835  0.003068383
0.243416885  0.002880572
0.243435419  0.002711272
0.243453954  0.002558189
0.243472488  0.002419385
0.243491023  0.002293166
0.243509557  0.002178093
0.243528091  0.002072906
0.243546625  0.001976514
0.243567219  0.001878578
0.243587813  0.00178921
0.243608407  0.001707438
0.243639297  0.001597219
0.243670188  0.001499839
0.243701079  0.001413357
0.243734029  0.001331332
0.243768009  0.001256201
0.243801988  0.001189367
0.243835968  0.001129403
0.243869947  0.001075317
0.243904957  0.001025011
0.243942025  0.000976949
0.24399145  0.000919965
0.244040875  0.000869817
0.2440903  0.000825386
0.244139725  0.00078577
0.24418915  0.000750258
0.244238575  0.000718466
0.244312713  0.000675944
0.24438685  0.000638826
0.244460988  0.000606175
0.244535125  0.000577216
0.244609263  0.000551339
0.2446834  0.000528061
0.24478225  0.000500409
0.2448811  0.000475928
0.24497995  0.000454101
0.2450788  0.000434439
0.245227075  0.000408402
0.24544125  0.000376447
0.245606  0.00035539
0.24577075  0.000336706
0.2459355  0.000320009
0.24610025  0.000304969
0.246265  0.000291326
0.2465945  0.000267464
0.246841625  0.000252045
0.24708875  0.000238202
0.247335875  0.00022585
0.247583  0.00021462
0.2479125  0.000201266
0.248242  0.000189431
0.2485715  0.000178865
0.248901  0.000169368
0.2492305  0.000160795
0.24956  0.000153022
0.2498895  0.000145947
0.2505485  0.000133551
0.251046579  0.000125487
0.251423  0.000120007
0.25193275  0.000113311
0.2524425  0.000107335
0.25295225  0.000101976
0.253462  9.71506e-05
0.25397175  9.27877e-05
0.25499125  8.52247e-05
0.25601075  7.89196e-05
0.256775375  7.48756e-05
0.25754  7.12584e-05
0.258304625  6.80813e-05
0.259579  6.3489e-05
0.2605985  6.03847e-05
0.261618  5.76879e-05
0.2626375  5.53384e-05
0.263657  5.32875e-05
0.2646765  5.14958e-05
0.265696  4.99318e-05
0.267735  4.73909e-05
0.269774  4.5517e-05
0.2707935  4.48002e-05
0.27232275  4.39958e-05
0.273852  4.34587e-05
0.275891  4.32321e-05
0.27793  4.35915e-05
0.2789495  4.40248e-05
0.279969  4.46566e-05
0.2809885  4.55196e-05
0.282008  4.6658e-05
0.2830275  4.81313e-05
0.283792125  4.95189e-05
0.2844548  5.09244e-05
0.2852704  5.30192e-05
0.2858821  5.49132e-05
0.2864938  5.70989e-05
0.2873094  6.06506e-05
0.2877172  6.27507e-05
0.288125  6.51121e-05
0.2885328  6.7777e-05
0.2889406  7.0797e-05
0.2893484  7.42354e-05
0.28985815  7.92461e-05
0.290164  8.26899e-05
0.29046985  8.65627e-05
0.2907757  9.08705e-05
0.29108155  9.57574e-05
0.2913874  0.000101238
0.2917952  0.000109764
0.2919991  0.000114633
0.292203  0.000119974
0.2924069  0.000125852
0.2926108  0.000132338
0.2928147  0.00013952
0.2930186  0.000147498
0.2932225  0.00015638
0.2934264  0.000166322
0.2936303  0.000177511
0.293783225  0.00018685
0.29393615  0.000197081
0.294089075  0.000208377
0.294242  0.000220825
0.294394925  0.000234655
0.29454785  0.000249991
0.294700775  0.000267152
0.2948537  0.000286316
0.2950576  0.000315685
0.29515955  0.000332261
0.2952615  0.000350287
0.29536345  0.000369932
0.2954654  0.000391386
0.29556735  0.000414866
0.2956693  0.000440624
0.29577125  0.000468944
0.2958732  0.000500157
0.29597515  0.000534642
0.2960771  0.000572835
0.29617905  0.000615239
0.296281  0.000662292
0.296357463  0.00070108
0.296433925  0.000743368
0.296510388  0.00078939
0.29658685  0.000839524
0.296663313  0.000894199
0.296739775  0.000953866
0.296816238  0.001019026
0.2968927  0.001090196
0.296969163  0.001167932
0.297045625  0.001252779
0.297122088  0.001345288
0.29719855  0.001445942
0.297275013  0.001555136
0.297351475  0.001673029
0.297427938  0.001799812
0.2975044  0.00193503
0.29760635  0.002126924
0.2979122  0.002733555
0.297988663  0.002873218
0.298065125  0.002998352
0.298139294  0.00310111
0.298208875  0.003177412
0.298278456  0.003232231
0.29834141  0.003262889
0.298432145  0.003277588
0.298508608  0.00326843
0.29870741  0.003224185
0.298753288  0.003230203
0.298799165  0.00325279
0.298833574  0.003285173
0.298867982  0.003335453
0.298901753  0.003407575
0.298923417  0.003468891
0.298945082  0.003544701
0.298966746  0.003637899
0.298988411  0.003752064
0.299010075  0.00389158
0.299026323  0.00401621
0.299042571  0.00416142
0.299058819  0.004331158
0.299070607  0.004472329
0.299083351  0.004644751
0.299096095  0.004840861
0.299108839  0.005064502
0.299121582  0.005320315
0.299134326  0.005614016
0.299143884  0.005863267
0.299153442  0.006141209
0.299163  0.006451986
0.299173832  0.006850135
0.299181478  0.007165033
0.299189124  0.007512026
0.29919677  0.007895319
0.299204417  0.008319841
0.299212063  0.008791132
0.299219709  0.009315813
0.299227355  0.00990154
0.29923309  0.010386265
0.299238825  0.010914652
0.29924456  0.011491559
0.299250294  0.012122325
0.299256029  0.012813286
0.299261764  0.013571173
0.299267499  0.014403596
0.299273233  0.0153188
0.299279924  0.016503934
0.299286614  0.017830318
0.299291074  0.018801562
0.299295535  0.019848772
0.299299995  0.020976791
0.299304455  0.022191054
0.299310827  0.024085172
0.299316562  0.025959263
0.299322297  0.028000432
0.299328031  0.030210745
0.299333766  0.032588039
0.2993395  0.035121488
0.299349037  0.039626734
0.29936957  0.049778755
0.299376529  0.052980138
0.299383488  0.055834859
0.299388459  0.0575819
0.29939343  0.059029808
0.299398252  0.060108231
0.299402776  0.060799969
0.29941  0.061219384
0.299415037  0.061000558
0.299419279  0.060494552
0.29942425  0.059543535
0.299429221  0.058234164
0.299434358  0.056545845
0.299439826  0.054431255
0.299447117  0.051218494
0.299473629  0.038145049
0.29948092  0.034720535
0.299488211  0.031521064
0.29949368  0.029290569
0.299499147  0.027213891
0.299504864  0.025206996
0.299511077  0.023212723
0.299517291  0.021403658
0.299523505  0.019767912
0.299529719  0.018291654
0.299535932  0.016960719
0.299540903  0.015990776
0.299545874  0.015097669
0.299550845  0.014274826
0.299555816  0.013516106
0.299560787  0.012815835
0.299565758  0.012168801
0.299573215  0.011287728
0.299579014  0.010668831
0.299585642  0.010024214
0.29959227  0.009439156
0.299598898  0.008906901
0.299605526  0.008421546
0.299612154  0.007977934
0.299618782  0.007571552
0.29962541  0.007198449
0.299632867  0.006814161
0.299641152  0.006426253
0.299649437  0.006074557
0.299657722  0.005754728
0.299666007  0.005463035
0.299674292  0.00519627
0.299682577  0.004951658
0.299695004  0.004621123
0.299705775  0.004365333
0.299716545  0.004134179
0.299727316  0.003924512
0.299738086  0.003733716
0.299748857  0.003559476
0.299765013  0.003325
0.299781168  0.003118048
0.299797738  0.002929861
0.299814308  0.002762378
0.299830878  0.002612551
0.299847448  0.002477863
0.299864018  0.002356224
0.299880588  0.002245902
0.299897158  0.002145457
0.299913728  0.002053697
0.299936926  0.001937901
0.299960124  0.001834639
0.299983322  0.001741831
0.30000652  0.001657984
0.300029718  0.001581932
0.300064515  0.001480285
0.300099312  0.001391093
0.30013908  0.001301625
0.300178848  0.001223059
0.300218616  0.001153464
0.300258384  0.001091383
0.300298152  0.001035649
0.300335435  0.000988125
0.300383488  0.00093286
0.300431541  0.000883261
0.300479594  0.000838477
0.300532618  0.000793966
0.300590613  0.000750187
0.300648608  0.000710512
0.300706603  0.000674551
0.30078531  0.000630797
0.300859875  0.000593909
0.30093444  0.000560779
0.301009005  0.000530872
0.30113328  0.000487042
0.3012327  0.00045652
0.30133212  0.00042935
0.30143154  0.000405079
0.30153096  0.000383294
0.30163038  0.000363697
0.3017298  0.00034601
0.30182922  0.000330032
0.30192864  0.000315612
0.3020612  0.000298479
0.30219376  0.000283445
0.30232632  0.000270337
0.30245888  0.000258982
0.30259144  0.000249259
0.302724  0.000241092
0.30285656  0.000234449
0.30302173  0.000228283
0.30311956  0.000225869
0.30329875  0.000223959
0.303397469  0.000224601
0.303496188  0.000226573
0.30359125  0.000230006
0.303679  0.000234763
0.30376675  0.000241363
0.303820375  0.000246391
0.3038935  0.000254968
0.30394225  0.000261905
0.303991  0.000269985
0.30403975  0.000279394
0.3040885  0.000290361
0.30413725  0.000303167
0.304186  0.000318166
0.304222563  0.000331119
0.304259125  0.000345784
0.304295688  0.000362433
0.30433225  0.000381349
0.304368813  0.000402956
0.304405375  0.000427881
0.30442975  0.000446629
0.304454125  0.000467333
0.3044785  0.000490259
0.304502875  0.000515724
0.30452725  0.000544102
0.304551625  0.000575838
0.304576  0.000611467
0.30459355  0.000639888
0.3046111  0.000670938
0.30462865  0.000704936
0.3046462  0.000742253
0.30466375  0.000783342
0.3046813  0.000828757
0.30469885  0.000879143
0.3047164  0.000935223
0.304735413  0.001003384
0.304748088  0.001053719
0.304760763  0.001108495
0.304773438  0.001168245
0.304786113  0.00123359
0.304798788  0.00130527
0.304811463  0.00138416
0.304822675  0.001460763
0.3048373  0.001571707
0.30484705  0.001653549
0.3048568  0.001742544
0.30486655  0.001839542
0.3048763  0.001945526
0.30488605  0.002061639
0.3048958  0.002189212
0.3049075  0.002359637
0.3049153  0.00248524
0.3049231  0.002621723
0.3049309  0.002770378
0.3049387  0.002932694
0.3049465  0.00311039
0.3049543  0.003305467
0.304961369  0.003499222
0.304967707  0.003688363
0.304974044  0.003893793
0.304980382  0.004117517
0.304986719  0.004361701
0.304993057  0.00462902
0.304999394  0.004922409
0.305005732  0.00524549
0.305011338  0.005559267
0.305016213  0.005856194
0.305021088  0.006178144
0.305025963  0.006527997
0.305030838  0.006909053
0.305035713  0.007325107
0.305040588  0.007780533
0.305045463  0.008280392
0.30504985  0.008773033
0.30505375  0.009249162
0.30505765  0.009765324
0.30506155  0.010325995
0.30506545  0.010936248
0.30506935  0.011601831
0.30507325  0.012329261
0.30507715  0.013125914
0.305080807  0.013943218
0.305084219  0.01477404
0.305087632  0.015678149
0.305091044  0.01666267
0.305094457  0.017736559
0.305097869  0.01890829
0.305101282  0.020188354
0.305104694  0.021586435
0.305107741  0.022943934
0.305111763  0.024907378
0.305115785  0.027083204
0.305119807  0.029489584
0.305123829  0.032143218
0.30512785  0.035057336
0.305131507  0.037942725
0.305135163  0.041054561
0.305138819  0.044391617
0.305143694  0.04917626
0.30514735  0.052993422
0.305153639  0.059929637
0.30516802  0.076390764
0.30517387  0.082633986
0.30517777  0.086409986
0.30518167  0.08976429
0.30518557  0.092605997
0.30518947  0.094854384
0.30519337  0.096443231
0.305196393  0.097189754
0.3052  0.097505042
0.305203822  0.097148085
0.30520702  0.096310189
0.30521092  0.094650206
0.30521482  0.092336888
0.305218623  0.089516736
0.305222425  0.086216734
0.305226959  0.081771417
0.305232955  0.075287201
0.305247532  0.058597638
0.305251919  0.053767716
0.305256307  0.049167073
0.305260938  0.044614986
0.305264594  0.041264647
0.30526825  0.038139102
0.305271907  0.035239934
0.305275563  0.032565835
0.305279463  0.029952528
0.305282388  0.028147515
0.305285313  0.02646854
0.305288238  0.024908873
0.305291163  0.023461463
0.305294088  0.022119126
0.305297013  0.020874704
0.305299938  0.01972119
0.305303107  0.018566205
0.305306519  0.017423685
0.305309932  0.016376277
0.305313344  0.015415706
0.305316757  0.014533245
0.305320169  0.013721965
0.305323582  0.012974638
0.305326994  0.012285601
0.305330894  0.011562107
0.305335282  0.010821143
0.305339669  0.010148927
0.305344057  0.009537218
0.305348444  0.008979408
0.305352832  0.008469255
0.305357219  0.008001779
0.305361607  0.007572226
0.305366238  0.007155757
0.305371113  0.006753872
0.305375988  0.006385398
0.305380863  0.00604675
0.305385738  0.005734805
0.305390613  0.005446833
0.305397925  0.005054694
0.3054028  0.004816799
0.305409625  0.004511569
0.30541645  0.004235088
0.305423275  0.00398384
0.3054301  0.00375483
0.305436925  0.003545501
0.30544375  0.003353655
0.305450575  0.003177399
0.3054574  0.003015088
0.305465878  0.002830752
0.305474356  0.002663373
0.305482834  0.002510937
0.305491311  0.00237173
0.305499789  0.002244231
0.305508266  0.002127185
0.305516744  0.002019449
0.305525221  0.001920078
0.305535648  0.001808066
0.305546075  0.00170606
0.305556502  0.001612902
0.305566928  0.001527604
0.305577355  0.001449292
0.305587782  0.001377227
0.305603422  0.001279451
0.305615587  0.001210921
0.305629489  0.001139638
0.305643392  0.001074964
0.305657294  0.001016126
0.305671197  0.000962439
0.305685099  0.000913317
0.305699001  0.000868231
0.305719854  0.000807202
0.305738017  0.000759664
0.30575618  0.000716672
0.305774343  0.000677671
0.305792506  0.000642182
0.305810669  0.000609795
0.305828832  0.000580159
0.305865157  0.000527959
0.305887394  0.000499973
0.30590963  0.000474553
0.305931866  0.00045139
0.305954102  0.000430221
0.305987457  0.000401724
0.306020811  0.000376607
0.306056389  0.000352983
0.306096415  0.000329583
0.306136441  0.000309013
0.306176466  0.000290862
0.306216491  0.000274757
0.306256516  0.000260397
0.306296542  0.000247531
0.306336568  0.000235953
0.306389935  0.000222229
0.306443302  0.000210162
0.306501116  0.000198652
0.306563378  0.000187775
0.30662564  0.000178224
0.306687902  0.000169828
0.306745716  0.000162799
0.306825766  0.000154186
0.306905817  0.000146661
0.306985868  0.000140036
0.307065919  0.000134164
0.307145969  0.000128928
0.307252704  0.000122775
0.307359438  0.000117397
0.307466173  0.000112668
0.307644063  0.000105947
0.307786376  0.000101366
0.307928688  9.73631e-05
0.308071001  9.38343e-05
0.308213313  9.06982e-05
0.308426782  8.66078e-05
0.308640251  8.30719e-05
0.308889298  7.95448e-05
0.3092095  7.57186e-05
0.309494125  7.28344e-05
0.30977875  7.03373e-05
0.310348  6.6229e-05
0.310774938  6.37508e-05
0.3114865  6.03921e-05
0.31205575  5.82639e-05
0.312625  5.65016e-05
0.31319425  5.50321e-05
0.31433275  5.2765e-05
0.315186625  5.15263e-05
0.3160405  5.05533e-05
0.317179  4.96318e-05
0.3183175  4.90338e-05
0.319456  4.86948e-05
0.3205945  4.85688e-05
0.321733  4.86227e-05
0.32344075  4.90051e-05
0.3251485  4.96535e-05
0.32685625  5.05912e-05
0.328564  5.17462e-05
0.330841  5.36624e-05
0.333118  5.59881e-05
0.335395  5.87395e-05
0.33710275  6.11164e-05
0.3388105  6.3743e-05
0.34051825  6.67039e-05
0.342226  6.99644e-05
0.34393375  7.36342e-05
0.3456415  7.76773e-05
0.34734925  8.22379e-05
0.349057  8.7277e-05
0.351334  9.49947e-05
0.353611  0.000104021
0.3547495  0.00010911
0.355888  0.000114642
0.3570265  0.000120661
0.358165  0.000127226
0.3593035  0.0001344
0.360442  0.000142256
0.3615805  0.000150878
0.362719  0.000160362
0.3638575  0.000170819
0.364996  0.00018238
0.3661345  0.00019519
0.367273  0.000209425
0.3684115  0.000225278
0.369265375  0.000238423
0.37011925  0.000252618
0.370973125  0.00026821
0.371827  0.000285085
0.372680875  0.000303674
0.37353475  0.000323837
0.374388625  0.000346101
0.3752425  0.000370289
0.376096375  0.000397035
0.37695025  0.000426108
0.377804125  0.000458244
0.378658  0.000493135
0.379511875  0.000531585
0.38036575  0.00057316
0.3811627  0.000615428
0.3820735  0.000667463
0.3829843  0.000723451
0.3841228  0.00079828
0.38719675  0.001011642
0.3882214  0.001076795
0.38901835  0.001120985
0.3898153  0.001157361
0.3904984  0.001180748
0.3911815  0.001195942
0.39197845  0.001202487
0.392604625  0.001198841
0.3932308  0.001187802
0.3939139  0.001167682
0.394597  0.001140061
0.39539395  0.001099851
0.39630475  0.001045992
0.3998341  0.00080845
0.4009726  0.00073538
0.4018834  0.000680897
0.4027942  0.000630353
0.403705  0.000583889
0.404558875  0.000544153
0.40541275  0.000507517
0.406266625  0.000474416
0.4071205  0.000444061
0.407974375  0.000416768
0.40882825  0.000391821
0.409682125  0.000369467
0.410536  0.000349089
0.411389875  0.000330894
0.41224375  0.000314371
0.413097625  0.000299706
0.4139515  0.000286479
0.414805375  0.000274877
0.41565925  0.000264562
0.416513125  0.000255743
0.417367  0.000248152
0.418220875  0.000242058
0.41907475  0.000237266
0.42021325  0.000233416
0.420924813  0.000232632
0.421921  0.00023414
0.42249025  0.000236661
0.4230595  0.000240688
0.423486438  0.000244959
0.423913375  0.000250403
0.424314356  0.000256966
0.424663421  0.000263906
0.425128842  0.000275559
0.425401845  0.000283919
0.42569311  0.000294237
0.425993508  0.000306888
0.426394038  0.00032737
0.426594303  0.000339525
0.426794568  0.0003532
0.427094965  0.000376919
0.42729523  0.000395421
0.427495495  0.000416384
0.42769576  0.000440185
0.427896025  0.000467187
0.428046224  0.000489866
0.428196423  0.000514899
0.428346622  0.000542536
0.42849682  0.000572953
0.428647019  0.000606473
0.428797218  0.000643243
0.42892739  0.000677915
0.429117642  0.000733504
0.42929788  0.000791512
0.429478119  0.000854355
0.430078914  0.001081039
0.430259152  0.001143619
0.430379311  0.001180199
0.43049947  0.001211048
0.430619629  0.001234877
0.430739788  0.001250609
0.430889987  0.001257868
0.430994125  0.001254389
0.431118289  0.001241525
0.431240451  0.001220201
0.43136061  0.001191861
0.431480769  0.00115747
0.431661007  0.001097543
0.432241776  0.00088245
0.432422014  0.000819659
0.432602253  0.000761466
0.432782491  0.000708369
0.43290265  0.00067587
0.433052849  0.000638446
0.433203048  0.000604336
0.433353247  0.000573433
0.433503445  0.000545423
0.433653644  0.000520139
0.433903975  0.000483396
0.43410424  0.000458121
0.434304505  0.000436084
0.43450477  0.000416872
0.434705035  0.00040013
0.4349053  0.000385548
0.435105565  0.000372864
0.43530583  0.000361851
0.43570636  0.000344101
0.436006758  0.000334007
0.436307155  0.000326056
0.436607553  0.000320183
0.43690795  0.000315951
0.437256318  0.00031306
0.4375728  0.000312041
0.437924275  0.000312633
0.43827575  0.000314899
0.438627225  0.000318805
0.4389787  0.000324343
0.439330175  0.000331541
0.43968165  0.000340466
0.440033125  0.000351219
0.4403846  0.000363941
0.440736075  0.000378817
0.44108755  0.000396073
0.441439025  0.00041599
0.441878369  0.000445136
0.442141975  0.000465164
0.442405582  0.000487488
0.442669188  0.000512124
0.442932794  0.000539588
0.4431964  0.000569915
0.443460007  0.00060375
0.443723613  0.00064114
0.443987219  0.000682884
0.444250825  0.000729026
0.444514432  0.000780523
0.444778038  0.000837382
0.445041644  0.000900676
0.44530525  0.000970262
0.445516135  0.001031174
0.44572702  0.001096593
0.4460082  0.001191181
0.44628938  0.001293753
0.44657056  0.001403329
0.4474141  0.001749319
0.44769528  0.001855866
0.447906165  0.001926576
0.44811705  0.001986153
0.448327935  0.002031847
0.44853882  0.002061364
0.448777823  0.002073463
0.44896059  0.002066539
0.449171475  0.002041932
0.44938236  0.002000656
0.449593245  0.001944829
0.449733835  0.001900821
0.450015015  0.001800348
0.45121003  0.001316946
0.45149121  0.001212396
0.45177239  0.001115495
0.45205357  0.001026684
0.452264455  0.000965447
0.452510488  0.000899441
0.452774094  0.000835174
0.4530377  0.000776663
0.453301307  0.000723944
0.453564913  0.000676014
0.453828519  0.000632834
0.454092125  0.000593542
0.454355732  0.000558078
0.454619338  0.000525735
0.454882944  0.00049646
0.45514655  0.000469683
0.455410157  0.000445361
0.4558495  0.000409314
0.456200975  0.000384015
0.45655245  0.000361425
0.456903925  0.000341191
0.4572554  0.000323013
0.457606875  0.000306635
0.45795835  0.000291837
0.458309825  0.000278432
0.4586613  0.000266255
0.45936425  0.000245052
0.459715725  0.000235797
0.460242938  0.000223395
0.46077015  0.000212356
0.461297363  0.00020268
0.461824575  0.000194005
0.462351788  0.000186343
0.463054738  0.000177327
0.463757688  0.000169525
0.464460638  0.000162743
0.465339325  0.000155456
0.466218013  0.000149313
0.4670967  0.000144078
0.468151125  0.000138867
0.46920555  0.000134494
0.470259975  0.000130966
0.4713144  0.000128027
0.4727203  0.000125
0.4741262  0.000122789
0.4755321  0.000121264
0.476938  0.000120329
0.47904685  0.000119872
0.4811557  0.000120404
0.48326455  0.000121839
0.4853734  0.000123978
0.48748225  0.000126932
0.4895911  0.000130522
0.49169995  0.000134882
0.494160275  0.000140779
0.4966206  0.000147665
0.499892075  0.000158461
0.499915202  0.000159163
0.499926766  0.000160266
0.499934475  0.000161606
0.499942184  0.000163679
0.499949893  0.000166731
0.499957602  0.000171004
0.499963384  0.000175129
0.499969165  0.000180092
0.499976874  0.000188009
0.499984583  0.000197261
0.500017223  0.000241677
0.500024112  0.00024974
0.500031001  0.000256707
0.50003789  0.000262484
0.500044779  0.000267077
0.500055111  0.000271969
0.500065445  0.000274945
0.500075778  0.000276596
0.500096444  0.000277819
0.6  0.000349989
0.656118143  0.00035
0.66  0.000349995
0.75  0.000319988
0.771478504  0.000297079
0.8  0.000270009
0.839047079  0.000254559
0.88  0.000240005
1  0.000230001
1.12127804  0.000223334
1.28695504  0.00021537
1.5047748  0.000206709
1.69735531  0.000200343
1.92900771  0.000193764
2.21178578  0.000186902
2.5739101  0.00017963
3.00954961  0.000172408
3.39471063  0.000167097
4  0.00016
4.48546704  0.00016
6.25633701  0.000165575
11.5  0.000180001
13.3  0.0002
15  0.000229999
20  0.00024541
