E(MeV)  pendfb7/Na23:2
1e-11  40.6568389
1.02999e-11  40.0640544
1.06087e-11  39.4801974
1.09269e-11  38.9046856
1.12544e-11  38.3380188
1.1592e-11  37.779393
1.19395e-11  37.229306
1.22976e-11  36.6870525
1.26662e-11  36.1530912
1.30462e-11  35.6266683
1.34372e-11  35.1084348
1.38403e-11  34.5974737
1.42552e-11  34.0944247
1.46827e-11  33.5985185
1.51229e-11  33.1101757
1.55765e-11  32.6287563
1.60434e-11  32.1548285
1.65246e-11  31.6875839
1.70199e-11  31.227549
1.75304e-11  30.7740766
1.80559e-11  30.3275276
1.85975e-11  29.8873654
1.9155e-11  29.4539784
1.97295e-11  29.0267843
2.03209e-11  28.6061389
2.09305e-11  28.1914744
2.15579e-11  27.7832686
2.22045e-11  27.3808408
2.28701e-11  26.9846491
2.35561e-11  26.5940755
2.42622e-11  26.209583
2.49899e-11  25.8305602
2.5739e-11  25.4573935
2.6511e-11  25.0895759
2.73057e-11  24.7274237
2.81247e-11  24.370484
2.89678e-11  24.0190362
2.98367e-11  23.6726328
3.07311e-11  23.3316122
3.16528e-11  22.9954842
3.26017e-11  22.6645514
3.35795e-11  22.3383853
3.45861e-11  22.0172711
3.56235e-11  21.7007755
3.66913e-11  21.3892058
3.77919e-11  21.0821102
3.89247e-11  20.7798069
4.00923e-11  20.4818407
4.12941e-11  20.1885419
4.25327e-11  19.899451
4.38076e-11  19.6148942
4.51216e-11  19.3344356
4.64742e-11  19.0583625
4.78681e-11  18.7862871
4.9303e-11  18.5184604
5.07818e-11  18.2545258
5.23041e-11  17.9947158
5.38729e-11  17.7386841
5.54878e-11  17.4866709
5.71521e-11  17.2383267
5.88653e-11  16.9938814
6.0631e-11  16.7529942
6.24484e-11  16.5159163
6.43215e-11  16.282296
6.62496e-11  16.0523573
6.82368e-11  15.8257804
7.02822e-11  15.6027989
7.23903e-11  15.3830805
7.45603e-11  15.1668475
7.67967e-11  14.9537874
7.90987e-11  14.7441212
8.14712e-11  14.5375431
8.39134e-11  14.3342499
8.64304e-11  14.133959
8.90212e-11  13.9368741
9.16913e-11  13.7427074
9.44399e-11  13.5516456
9.72725e-11  13.3634273
1.00188e-10  13.1782262
1.03193e-10  12.9958163
1.06287e-10  12.8162883
1.09475e-10  12.6394627
1.12756e-10  12.4655137
1.16139e-10  12.2941404
1.1962e-10  12.1255942
1.23208e-10  11.9595529
1.26901e-10  11.7962306
1.30707e-10  11.6353851
1.34626e-10  11.4771327
1.38664e-10  11.3212802
1.4282e-10  11.1680192
1.47104e-10  11.0170724
1.51513e-10  10.8686172
1.56058e-10  10.7224327
1.60736e-10  10.5786619
1.65557e-10  10.4371106
1.7052e-10  10.2978967
1.75635e-10  10.1608314
1.81666e-10  10.0069569
1.87905e-10  9.85589534
1.94358e-10  9.70763107
2.01032e-10  9.56212762
2.07936e-10  9.41931258
2.15077e-10  9.27916344
2.22463e-10  9.1416415
2.30103e-10  9.00669589
2.38005e-10  8.87429954
2.46178e-10  8.74441274
2.54633e-10  8.61697168
2.63377e-10  8.49197852
2.72422e-10  8.36936651
2.81777e-10  8.2491172
2.91454e-10  8.1311778
3.01463e-10  8.01552613
3.11816e-10  7.90212076
3.22524e-10  7.79093624
3.336e-10  7.68193068
3.45056e-10  7.57507728
3.56906e-10  7.47033504
3.69163e-10  7.36767705
3.8184e-10  7.26707954
3.94953e-10  7.16849917
4.08517e-10  7.07190598
4.22546e-10  6.97728039
4.37057e-10  6.88458583
4.52066e-10  6.79379669
4.67591e-10  6.70487912
4.83649e-10  6.61780915
5.00258e-10  6.53256039
5.17437e-10  6.44910482
5.35207e-10  6.36740883
5.53587e-10  6.2874519
5.72598e-10  6.20920741
5.92262e-10  6.1326481
6.12601e-10  6.05774997
6.33639e-10  5.98448486
6.55399e-10  5.91283129
6.77906e-10  5.84276379
7.01187e-10  5.77425406
7.25267e-10  5.70728272
7.50174e-10  5.64182436
7.75936e-10  5.57785644
8.02583e-10  5.5153541
8.33648e-10  5.44677996
8.65932e-10  5.37996712
8.9945e-10  5.31494766
9.34281e-10  5.25162885
9.70445e-10  5.1900366
1.008026e-09  5.13008401
1.047044e-09  5.07179611
1.087591e-09  5.01508738
1.129689e-09  4.95998005
1.173437e-09  4.9063926
1.218857e-09  4.8543463
1.266058e-09  4.80376155
1.315064e-09  4.75465635
1.36599e-09  4.70695592
1.418864e-09  4.66067494
1.47381e-09  4.61574213
1.530857e-09  4.57216977
1.596852e-09  4.52528189
1.665692e-09  4.47997428
1.737499e-09  4.43620816
1.812403e-09  4.39394498
1.890535e-09  4.35314644
1.972035e-09  4.31377448
2.057049e-09  4.27579126
2.145728e-09  4.23915923
2.247716e-09  4.20037291
2.35451e-09  4.16314151
2.466422e-09  4.12738805
2.583608e-09  4.09309109
2.706409e-09  4.06017684
2.834997e-09  4.02862301
2.982281e-09  3.99567646
3.137217e-09  3.96421865
3.300202e-09  3.93419056
3.471655e-09  3.90553417
3.652015e-09  3.87819249
3.858028e-09  3.84998668
4.07559e-09  3.82319779
4.305497e-09  3.79774058
4.567571e-09  3.77175276
4.845597e-09  3.74716278
5.140546e-09  3.72389331
5.476466e-09  3.70034547
5.834441e-09  3.67813315
6.24205e-09  3.65582739
6.678135e-09  3.63485457
7.174842e-09  3.61393028
7.70863e-09  3.59429619
8.317085e-09  3.57481256
9.011442e-09  3.55558498
9.76394e-09  3.53761125
1.0623927e-08  3.51993672
1.1608449e-08  3.50263453
1.2684433e-08  3.4865056
1.3918647e-08  3.47077077
1.5337414e-08  3.45549746
1.6972433e-08  3.44075419
1.8861358e-08  3.42661822
2.1048973e-08  3.4131728
2.3589461e-08  3.4004937
2.5268741e-08  3.39343922
2.53e-08  3.39331633
2.8594424e-08  3.38179909
3.2591208e-08  3.37077904
3.7462201e-08  3.36025625
4.3609514e-08  3.34989851
5.1411981e-08  3.33968906
6.1903655e-08  3.32901125
7.6126718e-08  3.31755471
9.3222567e-08  3.30655918
1.13198066e-07  3.29663873
1.47056742e-07  3.28345209
1.8237446e-07  3.27190812
2.07869539e-07  3.26594967
2.47138235e-07  3.26035295
3.89855643e-07  3.24521428
5.6760289e-07  3.22876142
9.45874679e-07  3.19728082
1.01195589e-06  3.1936144
1.10005725e-06  3.19197234
1.0282165e-05  3.13045344
0.000148663096  3.15417852
0.0004  3.22224281
0.000597633176  3.29765125
0.0006  3.29628585
0.000672479254  3.34132095
0.000777764  3.43123074
0.000865066789  3.52397813
0.000940379917  3.61971142
0.00103188518  3.76504597
0.00109405649  3.88527674
0.00117038639  4.06142932
0.00123467621  4.23940247
0.00132113609  4.52487173
0.00140824532  4.88410841
0.00144798107  5.07753511
0.001530444  5.55819678
0.001568078  5.81509797
0.001605712  6.10643732
0.001643346  6.44446789
0.00168098  6.83998849
0.001718614  7.28647935
0.001737431  7.53627445
0.0017656565  7.95667262
0.001793882  8.413903
0.0018221075  8.9188494
0.001850333  9.47001415
0.0018785585  10.0813034
0.001906784  10.751224
0.0019350095  11.4977765
0.001963235  12.3196042
0.002000869  13.5649874
0.002038503  15.0066855
0.00205732  15.8132435
0.002076137  16.6845512
0.002094954  17.6271864
0.002113771  18.6485434
0.002132588  19.7569519
0.002151405  20.9618165
0.002170222  22.273779
0.002189039  23.7049091
0.002207856  25.2689282
0.002226673  26.9814712
0.00224549  28.8603968
0.002264307  30.9261511
0.002283124  33.2021967
0.002301941  35.71552
0.00232546225  39.2335408
0.002339575  41.5747939
0.00235368775  44.1158113
0.0023678005  46.8652161
0.00238191325  49.8575637
0.002396026  53.1042538
0.00241013875  56.6479271
0.0024242515  60.5034247
0.00243836425  64.7234273
0.002452477  69.327025
0.00246658975  74.3791678
0.0024807025  79.9039382
0.00249481525  85.9808239
0.002508928  92.6392236
0.00252304075  99.9748488
0.0025371535  108.021534
0.00255126625  116.890933
0.002565379  126.61764
0.00257949175  137.324208
0.0025936045  149.036575
0.00260771725  161.873315
0.00262183  175.826336
0.0026331202  187.849631
0.0026500555  207.283723
0.0026669908  228.294164
0.0026895712  258.285041
0.0027215601  302.256582
0.0027403771  326.792692
0.00275448985  343.325045
0.0027686026  357.414934
0.0027780111  365.094992
0.0027874196  371.188448
0.0027968281  375.55497
0.0028137634  378.778259
0.0028231719  377.936378
0.0028325804  375.294555
0.0028419889  370.945427
0.00285610165  361.551239
0.0028702144  349.272963
0.00288432715  334.806728
0.0029078484  307.697383
0.0029473641  260.130236
0.0029699445  234.475825
0.0029868798  216.595931
0.00300287425  200.934435
0.003016987  188.095586
0.00303109975  176.203021
0.0030452125  165.18844
0.00305932525  155.039876
0.003073438  145.672634
0.00308755075  137.059807
0.0031016635  129.117656
0.00311577625  121.815535
0.003129889  115.078115
0.00314400175  108.876233
0.0031581145  103.145275
0.00318634  92.9651419
0.00320750913  86.3007085
0.00322867825  80.347532
0.003242791  76.7312394
0.003261608  72.2974208
0.003280425  68.2539339
0.003299242  64.5635825
0.003318059  61.1878859
0.003336876  58.0931604
0.003355693  55.2498803
0.003393327  50.2170865
0.003412144  47.9846775
0.0034403695  44.9495649
0.003468595  42.2157133
0.0034968205  39.7749513
0.003525046  37.5608349
0.0035532715  35.568963
0.003581497  33.7505608
0.0036097225  32.1034845
0.003637948  30.5912862
0.003675582  28.7752256
0.003713216  27.152331
0.00375085  25.6957258
0.003788484  24.3830435
0.003826118  23.1955566
0.003901386  21.1368286
0.003976654  19.4169059
0.004033105  18.3110311
0.004089556  17.3213007
0.004146007  16.4480083
0.004202458  15.6590515
0.004258909  14.9556815
0.004334177  14.1184555
0.004409445  13.3825735
0.004484713  12.7316879
0.004559981  12.1526662
0.004654066  11.5127698
0.004748151  10.9542734
0.004842236  10.4598629
0.004955138  9.94019108
0.00506804  9.49124966
0.005180942  9.10275816
0.005312661  8.70197998
0.00544438  8.36715247
0.00560902875  8.01457602
0.0057736775  7.71634135
0.00600889  7.35088737
0.00619706  7.09841136
0.0064322725  6.83237858
0.006706335  6.57246122
0.0069967825  6.33393604
0.00732608  6.11071997
0.00780472228  5.84635747
0.0082228  5.65745905
0.00882299321  5.43880095
0.00931406038  5.29143751
0.009946402  5.13743262
0.0107326989  4.98076587
0.0117148332  4.8272383
0.0128181627  4.69177164
0.0142367291  4.55661897
0.015812914  4.44168206
0.0178619544  4.32875459
0.0205414687  4.21951962
0.0233398861  4.1556001
0.0274766823  4.0960628
0.035173  4.04335027
0.0353353125  4.04914727
0.0353545625  4.0623316
0.035361125  4.08427445
0.0353647125  4.11573533
0.0353674032  4.15928807
0.035369525  4.21232553
0.035371975  4.30089964
0.035374075  4.40430506
0.0353767  4.57044489
0.035383175  5.07621938
0.035384925  5.19678326
0.03538685  5.29842723
0.03538853  5.35177445
0.0353900158  5.36721768
0.0353915575  5.3504398
0.0353932375  5.29575704
0.03539525  5.18741837
0.035397875  4.99779174
0.035402775  4.61091001
0.0354054  4.4370891
0.03540715  4.34340532
0.0354097094  4.23898748
0.0354121375  4.1713308
0.0354145657  4.12721146
0.0354175625  4.0948477
0.0354219375  4.07197715
0.035432875  4.05502632
0.0354992945  4.04385609
0.0383363  4.03757544
0.040011  4.03948337
0.0432048  4.02321269
0.0451522  4.03637102
0.04643192  4.06798106
0.04743344  4.11888498
0.04815676  4.18280503
0.04871316  4.25860492
0.04915828  4.34601267
0.04954776  4.45208854
0.0498816  4.57610783
0.0501598  4.71366814
0.05038236  4.85318208
0.05054928  4.98222023
0.0507162  5.13765882
0.05093876  5.38756768
0.05105004  5.53289072
0.05116132  5.70370099
0.0512726  5.90541817
0.05138388  6.14492517
0.05146734  6.35522902
0.05171772  7.10733057
0.05180118  7.41263671
0.05185682  7.64951993
0.051961145  8.17882385
0.05202374  8.56391889
0.052086335  9.00846228
0.05214893  9.52223991
0.052211525  10.1168205
0.052253255  10.5648616
0.052336715  11.5672134
0.052378445  12.1302752
0.052420175  12.7568069
0.0524514725  13.2809082
0.05248277  13.8812092
0.0525245  14.7586936
0.05256623  15.7238379
0.05260796  16.7824881
0.052646908  17.860718
0.052685856  19.0275433
0.052730368  20.4748492
0.05277488  22.0557393
0.052819392  23.7589666
0.052980748  30.3594238
0.053019696  31.8585593
0.053058644  33.2147702
0.053097592  34.3671749
0.053126803  35.062487
0.053156014  35.5889586
0.0531857814  35.9345147
0.0532211128  36.081007
0.0532497674  35.9818811
0.0532793957  35.6831613
0.053309024  35.1953615
0.053347972  34.2973357
0.05338692  33.1606767
0.053425868  31.8416811
0.053598352  25.1822548
0.05366512  22.73089
0.053709632  21.2195789
0.053756926  19.7351585
0.053807002  18.303713
0.053852905  17.1131657
0.053894635  16.127391
0.053936365  15.2276921
0.053978095  14.4076666
0.054019825  13.6608607
0.054061555  12.9808613
0.054103285  12.3616374
0.054145015  11.7974681
0.054186745  11.2831447
0.05424934  10.5946664
0.054311935  9.99334828
0.05437453  9.46681859
0.054437125  9.0048824
0.05449972  8.59923281
0.05455536  8.27788306
0.054611  7.98986412
0.05469446  7.61302845
0.05477792  7.28917009
0.05494484  6.74966009
0.05505612  6.44279993
0.0551674  6.18345335
0.05527868  5.96285616
0.05538996  5.77413449
0.05550124  5.61184709
0.05566816  5.40871113
0.05583508  5.24417708
0.056002  5.10994317
0.05633584  4.87286784
0.05661404  4.71471622
0.05689224  4.58768603
0.05722608  4.46650801
0.05761556  4.35585144
0.05811632  4.24676929
0.05872836  4.14787666
0.05945168  4.06190407
0.0604532  3.97662046
0.0617051  3.91144489
0.0635134  3.85030116
0.0662954  3.79236301
0.0718594  3.72338075
0.08104  3.64864742
0.1016268  3.52815542
0.11643704  3.4572191
0.116991702  3.46323053
0.117166246  3.47972763
0.117233736  3.50064885
0.117277953  3.53193293
0.117301226  3.56306768
0.117316741  3.59575949
0.11733148  3.64313787
0.117341953  3.69356633
0.117352425  3.76844306
0.117360183  3.85043929
0.117366001  3.93569893
0.11736988  4.00875472
0.117373759  4.09900004
0.117377638  4.21098482
0.117381516  4.34997319
0.117385201  4.51232469
0.117388692  4.69777875
0.117392183  4.917424
0.117395674  5.17302664
0.117399359  5.48097942
0.117403237  5.84176656
0.117412934  6.81272938
0.117416192  7.11436817
0.11741945  7.37608026
0.117422708  7.58140026
0.117425346  7.69667837
0.117427603  7.7545416
0.117429721  7.77264677
0.117432328  7.74597235
0.117434655  7.67743718
0.117436983  7.56915005
0.117439232  7.43037852
0.11744218  7.20522475
0.117445477  6.90884074
0.117456764  5.77130526
0.117459964  5.47046588
0.117463746  5.14864966
0.117467528  4.86878754
0.117470728  4.66562637
0.117473637  4.50654433
0.117476546  4.36990834
0.117480425  4.21855848
0.117484303  4.09704718
0.117488182  3.99963439
0.117492061  3.92135985
0.117497879  3.83099902
0.117504861  3.75270997
0.117509903  3.71021272
0.117519987  3.64817264
0.117531624  3.60046219
0.117551017  3.55152332
0.11757429  3.51817699
0.11760532  3.49349418
0.117661174  3.47216483
0.117810118  3.45453515
0.1186712  3.44279605
0.132606521  3.3793499
0.1423984  3.35050391
0.1429058  3.35583422
0.14300492  3.36795683
0.14304032  3.38418329
0.14306215  3.41172298
0.14307513  3.45097122
0.14308398  3.50085022
0.14308988  3.55017809
0.14309578  3.6146597
0.14311466  3.88216041
0.143120029  3.94267709
0.143125516  3.97801513
0.143128289  3.98322057
0.143133068  3.97088805
0.14313708  3.94071672
0.1431418  3.88603674
0.14316068  3.59895438
0.14316599  3.53383594
0.14317189  3.47766589
0.14318074  3.42194796
0.14319136  3.38636363
0.14320552  3.3652674
0.14324092  3.34976313
0.16794  3.29161087
0.17686  3.30802804
0.180890125  3.33144668
0.18456  3.37401493
0.186925  3.42391069
0.189015  3.49033474
0.18988125  3.53181698
0.18995275  3.54513817
0.18998025  3.56182512
0.189998125  3.59126391
0.190008438  3.62594987
0.19001875  3.68223986
0.190044669  3.89887599
0.190053125  3.94937308
0.19006  3.96347883
0.190067013  3.9492367
0.190074438  3.90647139
0.190094032  3.738726
0.190103313  3.67253059
0.190113625  3.62209541
0.190127391  3.58515865
0.190147852  3.5630718
0.190244313  3.54885574
0.191109404  3.59262671
0.19227978  3.67730469
0.19326536  3.77414762
0.19474373  3.97485974
0.195359718  4.08996249
0.195975705  4.23636922
0.196345298  4.3404569
0.19671489  4.46744029
0.197084483  4.62230728
0.197454075  4.81129648
0.197946865  5.10815436
0.19819326  5.27984601
0.198439655  5.47727664
0.19868605  5.70237733
0.19907  6.11313686
0.199375956  6.5794502
0.20016442  7.86650003
0.200361536  8.15925335
0.200558652  8.41584719
0.200755768  8.62303253
0.200854326  8.70055999
0.201051442  8.79953622
0.201221455  8.82885546
0.201494953  8.76778734
0.20164279  8.65382582
0.201839906  8.44716934
0.20213558  8.06490772
0.202825486  7.05189183
0.20312116  6.64727432
0.203416834  6.27659951
0.203737148  5.918953
0.203983543  5.67787784
0.204229938  5.48828204
0.204522832  5.29383605
0.204768791  5.15357575
0.20501475  5.04049916
0.205371875  4.91149608
0.205729  4.81222444
0.206175407  4.7233603
0.206621813  4.66563363
0.2074432  4.62549178
0.20765  4.62623068
0.2083003  4.61030444
0.20901455  4.62708289
0.21015735  4.70666284
0.21244295  4.7972934
0.21301435  4.80478945
0.21355  4.79727305
0.21387145  4.80046625
0.2145857  4.78398945
0.21529995  4.7337236
0.21701415  4.56536784
0.2211568  4.10808239
0.222335313  4.01002552
0.224835188  3.85509981
0.226085125  3.80323315
0.22787075  3.77330345
0.228942125  3.78418527
0.22982675  3.8163395
0.23072775  3.88074715
0.231442  3.95728361
0.232066969  4.04899621
0.232602657  4.15177864
0.233049063  4.25912705
0.233674032  4.44350106
0.234031157  4.57325047
0.234388282  4.73020086
0.234745407  4.92019554
0.23501325  5.08746999
0.235281094  5.28187037
0.235548938  5.50660565
0.235816782  5.76669595
0.236263188  6.26989638
0.23637479  6.41699291
0.236451911  6.55088721
0.236503236  6.67712059
0.236528854  6.76463036
0.236554473  6.88397238
0.236573688  7.00999248
0.236586688  7.12492542
0.23659988  7.28017432
0.236610651  7.45002884
0.236619  7.61983328
0.236627349  7.83466782
0.23663361  8.03315418
0.236639871  8.2702888
0.236646133  8.55168228
0.236652394  8.8812377
0.236658656  9.25989245
0.236664917  9.68334406
0.236683785  11.0806682
0.236689629  11.4722891
0.236694305  11.7396744
0.236699982  11.9887453
0.236704841  12.1223586
0.236710201  12.1745953
0.236714675  12.1392035
0.236719685  12.0169865
0.236725028  11.7998379
0.236728701  11.6065224
0.236735779  11.1589753
0.236755369  9.75612528
0.236762876  9.27512407
0.236770384  8.86109368
0.236777891  8.5179413
0.236785399  8.24078735
0.236792906  8.02059295
0.236800414  7.84700275
0.236811276  7.65915783
0.236823816  7.5085852
0.236836355  7.40551331
0.236853075  7.31537865
0.236869794  7.25964748
0.236899889  7.20960025
0.236929984  7.1968478
0.236976798  7.21740101
0.237057051  7.30268812
0.237170743  7.4653963
0.23744494  7.92735522
0.238407976  9.6392889
0.238621984  9.95442803
0.23878249  10.1396793
0.238942996  10.2746091
0.239087451  10.3504087
0.239264008  10.3815047
0.239424514  10.3523087
0.23958502  10.2713041
0.239799028  10.0917368
0.240013036  9.84483546
0.240334048  9.38590488
0.24065506  8.86851061
0.241404088  7.55614644
0.242230862  6.16871627
0.24260824  5.77031646
0.242702283  5.72474434
0.242731629  5.74027153
0.242760975  5.78866503
0.242780538  5.84750479
0.242798249  5.92522779
0.242815959  6.03176182
0.24283367  6.17291683
0.24285138  6.35423758
0.242869915  6.59165717
0.242888449  6.87944846
0.242909043  7.25369238
0.242968353  8.46678011
0.24298977  8.8464112
0.243006245  9.08168109
0.24302272  9.25859738
0.243039195  9.37564485
0.243056494  9.43836786
0.24306885  9.45006076
0.24308862  9.42158461
0.24311498  9.31365649
0.243149578  9.09154765
0.243225363  8.53438208
0.243283025  8.15759053
0.24333245  7.87939664
0.24339835  7.56354482
0.243460132  7.31268467
0.243521913  7.09498406
0.243600169  6.85543465
0.243711375  6.565217
0.243847294  6.26318538
0.243942025  6.08436282
0.2440903  5.89048488
0.244288  5.67180874
0.2444857  5.4820099
0.24478225  5.23497496
0.2450788  5.02009318
0.245606  4.74728487
0.24610025  4.53907524
0.24651  4.39078272
0.24708875  4.23620862
0.24774775  4.09110572
0.2485715  3.94318691
0.24956  3.80101422
0.2505485  3.68771807
0.251677875  3.58814635
0.25295225  3.49709741
0.254736375  3.39771273
0.256775375  3.309863
0.259579  3.21726044
0.26314725  3.12724435
0.26620575  3.0660549
0.2779  2.87188192
0.28149825  2.79282408
0.2842509  2.71575437
0.2862899  2.64179286
0.2879211  2.56608035
0.2891445  2.49476008
0.29026595  2.41376014
0.2911835  2.33156933
0.2919991  2.24192206
0.2926108  2.16106654
0.2932225  2.07115336
0.29373225  1.9824737
0.29414005  1.89957796
0.29454785  1.80400981
0.2948537  1.72280953
0.29515955  1.63264046
0.296281  1.27931726
0.296433925  1.23493544
0.29658685  1.19771951
0.2966888  1.17933867
0.296765263  1.17035406
0.2968927  1.16545522
0.296969163  1.16845123
0.297045625  1.1808077
0.2970966  1.19532772
0.297147575  1.21569403
0.29719855  1.24269522
0.297249525  1.27719271
0.2973005  1.31999437
0.297351475  1.37224429
0.29740245  1.43516374
0.297440682  1.48996331
0.297478913  1.55183049
0.297517144  1.62126749
0.297555375  1.69877246
0.297593607  1.78483336
0.297631838  1.87990687
0.297670069  1.98441795
0.2977083  2.09873466
0.297746532  2.22312848
0.297784763  2.3575745
0.297835738  2.55298151
0.297886713  2.76710402
0.297935139  2.98692222
0.298003955  3.32405654
0.298072772  3.68319504
0.298330195  5.11079019
0.298409207  5.52178663
0.298478023  5.84891655
0.298549388  6.14989737
0.29862585  6.42354036
0.298702313  6.64437338
0.298778775  6.81370527
0.298855238  6.93606997
0.2989317  7.0188363
0.2991356  7.14920707
0.299186575  7.21344947
0.299212063  7.2728998
0.29923755  7.37527437
0.299254755  7.48254242
0.299271959  7.62882403
0.2992898  7.82977967
0.299302544  8.01072906
0.299315288  8.22910354
0.299328032  8.48934076
0.299341372  8.80648599
0.29937222  9.62735307
0.299385476  9.92842618
0.299395418  10.0878075
0.299409337  10.1760308
0.299417954  10.1419629
0.299427896  10.0211402
0.299437838  9.82622091
0.299452751  9.44062968
0.299479097  8.68758525
0.299494507  8.29425358
0.299506935  8.02083523
0.299519362  7.78648744
0.299535518  7.53378458
0.299551674  7.33092282
0.299569901  7.1521046
0.29959227  6.99080992
0.299622096  6.84133753
0.299655236  6.72067974
0.29970826  6.57564107
0.299767912  6.44910106
0.299867332  6.27846713
0.299999892  6.08733589
0.30020536  5.83112393
0.300407514  5.60993768
0.3007356  5.30139391
0.30103386  5.0869013
0.30133212  4.90759342
0.30163038  4.7556326
0.30192864  4.62598254
0.30232632  4.48082403
0.30285656  4.32381161
0.303367  4.1917191
0.3040105  4.05706123
0.30458965  3.96047229
0.3049348  3.92528415
0.30501085  3.93395063
0.3050518  3.95318903
0.30508105  3.98478432
0.30510055  4.0240687
0.305115663  4.07238363
0.30513175  4.14883457
0.305146375  4.24420161
0.30517543  4.4661909
0.30518596  4.524961
0.305199688  4.55444573
0.30520858  4.53984465
0.30521638  4.50648419
0.30522808  4.4291124
0.3052546  4.21579889
0.305269225  4.11831834
0.30528385  4.04588122
0.305302375  3.98422373
0.3053209  3.94509076
0.30535015  3.90812572
0.3053989  3.87591608
0.305513013  3.84172541
0.305882946  3.78846766
0.306861344  3.68974019
0.308071  3.59503903
0.309636438  3.51118576
0.3114865  3.43846234
0.314048125  3.36705397
0.317179  3.30721174
0.321733  3.24308487
0.3274255  3.1895631
0.333118  3.15845298
0.34377  3.13726774
0.351334  3.16504343
0.355888  3.19787575
0.36101125  3.2611845
0.364996  3.33247116
0.3684115  3.41874543
0.37125775  3.5138816
0.37353475  3.6134436
0.37695025  3.8000305
0.378658  3.92022747
0.3823012  4.24707079
0.3841228  4.43233674
0.3891322  5.05205939
0.3909538  5.24917059
0.39232  5.37751383
0.3932308  5.42537177
0.3941416  5.43858672
0.396987  5.37383643
0.39905  5.18166695
0.405128125  4.36241617
0.406835875  4.15902899
0.40882825  3.95114338
0.410820625  3.77115354
0.413097625  3.59289484
0.41497  3.46479146
0.417367  3.37394622
0.42021325  3.29195432
0.42318  3.23810374
0.424896132  3.29561821
0.42609364  3.35508147
0.42769576  3.46056359
0.428146357  3.50403708
0.428596953  3.56431216
0.429137668  3.59725418
0.430219099  3.73688604
0.430579576  3.76068323
0.43098  3.73050263
0.431220424  3.73882333
0.431460742  3.7280444
0.432542173  3.59283036
0.433052849  3.55217356
0.433503445  3.49052112
0.43410424  3.43650977
0.4349053  3.3912279
0.43570636  3.31899854
0.436707685  3.25249436
0.43740442  3.22111441
0.437924275  3.21955495
0.4389787  3.23166239
0.439857388  3.26110764
0.440736075  3.31186148
0.44175  3.40645392
0.442317713  3.51038072
0.442844925  3.62656962
0.443372138  3.76553545
0.44389935  3.93299646
0.444250825  4.06388365
0.4446023  4.21291408
0.444953775  4.38262076
0.44530525  4.57545414
0.44572702  4.84036408
0.44657056  5.42655894
0.44755469  6.14188029
0.44783587  6.32038777
0.44811705  6.46407081
0.448327935  6.5408779
0.44867941  6.59637786
0.448883266  6.5830414
0.449099423  6.53121812
0.449452655  6.40712457
0.449733835  6.27591846
0.450015015  6.10806333
0.45121003  5.2683173
0.4516318  5.00094127
0.45233475  4.58951973
0.452686225  4.41075719
0.4530377  4.25361727
0.453389175  4.11589311
0.453916388  3.94070439
0.4544436  3.79686922
0.45514655  3.63076732
0.455673763  3.52576847
0.456376713  3.40770753
0.457079663  3.31010131
0.45795835  3.20934106
0.459012775  3.11175552
0.460242938  3.01993054
0.461824575  2.92491629
0.463933425  2.82416316
0.4656908  2.75617957
0.468854075  2.67962603
0.47342325  2.59217098
0.48326455  2.44298208
0.4906785  2.36989936
0.49556  2.27754284
0.499938329  2.2318211
0.500062657  2.21396394
0.5078  2.12376648
0.508113438  2.15109272
0.508150313  2.16205822
0.508177969  2.18211822
0.508205625  2.21439649
0.508353125  2.44450297
0.508380782  2.49951275
0.508403125  2.55408825
0.50852125  2.91691904
0.5085475  2.98964548
0.50857375  3.04614397
0.5086  3.07110504
0.50861625  3.06599652
0.5086325  3.04617123
0.508656875  2.99626827
0.5086975  2.88477009
0.5088275  2.48316563
0.50886  2.39879599
0.508885625  2.34654587
0.50891125  2.30416726
0.508975313  2.21459039
0.50901375  2.17493978
0.509052188  2.15360152
0.50927  2.10028397
0.51946  1.92510461
0.52249875  1.98371656
0.52694  2.13765624
0.52982  2.37459627
0.53309  2.78428455
0.53679  3.32333852
0.53913  3.60366461
0.54177  3.818771
0.54372  3.90411095
0.54615  3.96005045
0.54854  3.97265032
0.55394375  3.94108813
0.56295  3.86373609
0.563360625  3.92954611
0.56340625  3.94762169
0.563645782  4.15316957
0.56368  4.20306296
0.5637125  4.27114835
0.56394  4.87060764
0.563965  4.91925098
0.563999063  4.9471109
0.56402625  4.93237466
0.5640625  4.87559794
0.56409875  4.7893768
0.56424375  4.3403107
0.56428  4.24480831
0.5643125  4.18044293
0.56441  4.0413169
0.56445875  3.98671537
0.5645075  3.95522302
0.5648  3.85065391
0.56582  3.85448666
0.56626  3.80124948
0.5699  3.79805885
0.575105  3.86028888
0.58341  4.07090232
0.58758  4.30075638
0.59242  4.6854253
0.5936  4.76489997
0.59646  4.86142074
0.59759  4.92425666
0.59879  5.04939776
0.59920125  5.24778369
0.59926  5.2914468
0.599335  5.39253115
0.599695  5.95379381
0.59974  5.98205524
0.599779375  5.94952801
0.59995  5.64149057
0.60016  5.2916181
0.600399688  5.00050729
0.600455  4.96665188
0.60075  4.84998567
0.60141  4.74552997
0.60672  4.36732056
0.60737  4.33532821
0.60997  4.28147385
0.6147  4.13077852
0.61946  4.05399218
0.62167  4.07247626
0.62256  4.06761714
0.624653438  4.12711286
0.62711  4.49877213
0.62898  4.12334066
0.63036  4.08537573
0.636335  4.24365005
0.64279  4.43673162
0.65278  4.80958713
0.66335  5.33267655
0.66822  5.59801101
0.68139  6.56789816
0.682484688  6.79166357
0.68252  6.81831875
0.68258125  6.90834582
0.68301  7.71030242
0.68336875  8.41253181
0.68342  8.45220552
0.683460625  8.40804925
0.68366375  7.94651599
0.684029375  7.1649565
0.68407  7.10147641
0.684115625  7.06466781
0.6848  6.89246934
0.68679  7.02293639
0.68878  7.2091948
0.69577  7.77314503
0.70113  8.12878299
0.70444  8.26841824
0.71035  8.384318
0.71426  8.28235147
0.71817  8.05992055
0.72254  7.70888639
0.72606  7.35768348
0.73478  6.23689961
0.73868  5.70361202
0.74486  4.90158283
0.74683  4.74025002
0.74757375  4.7346099
0.747653438  4.74133182
0.74770625  4.77069092
0.748060625  5.15322444
0.7481  5.17236575
0.748139375  5.16402646
0.74873  4.68103869
0.7493  4.52431139
0.75004  4.38738387
0.75491  4.15321777
0.75726  4.086255
0.75894  4.05513532
0.761205  4.15261499
0.76347  4.19900384
0.76515  4.91852393
0.76566  5.38312508
0.76616  5.514691
0.7665  5.76885836
0.767  5.95792986
0.76885  5.86038093
0.7717  6.16272655
0.77321  6.4308201
0.77607  6.60690248
0.77791  6.65324195
0.782025  6.5234017
0.78614  6.36435816
0.7895  6.17985409
0.79605  5.72516421
0.80445  5.1736549
0.81016  4.85065758
0.81822  4.46913357
0.82729  4.1628441
0.83266  3.99547068
0.85046  3.63187297
0.85785  3.55921533
0.86574  3.53341901
0.873045  3.55858655
0.88035  3.63536416
0.88657  3.86706243
0.89228  4.16411883
0.89916  4.76953451
0.90229  5.10005493
0.9057  5.37752942
0.90752  5.54632561
0.911431875  5.53027347
0.91321  5.46667807
0.91503  5.34975544
0.92276  4.66445082
0.92868  4.1883254
0.93641  3.69256329
0.94324  3.37097779
0.94642  3.26853029
0.94961  3.10353936
0.95257  3.03543247
0.95905  2.9333398
0.96212  2.87540107
0.96463  2.85608949
0.965710625  2.92855589
0.9657675  2.9444894
0.965852813  2.99495631
0.966364688  3.35576389
0.966407344  3.39883222
0.966435782  3.4446348
0.966460625  3.50190429
0.9664925  3.59923134
0.96662  4.08409416
0.966651875  4.18760356
0.96668375  4.26620486
0.9667475  4.35489842
0.96706625  4.61260249
0.967147813  4.64613518
0.967236875  4.62494678
0.96777125  4.41591337
0.9678425  4.36289661
0.968216563  3.9345583
0.968252188  3.87549672
0.968284219  3.80387688
0.968326875  3.68122867
0.968412188  3.39986046
0.968454844  3.27063763
0.968483282  3.20232794
0.968511719  3.15399486
0.968540157  3.12389039
0.96861125  3.08686303
0.96918  2.87789079
0.9693075  2.86908565
0.97122  2.8393551
0.9741675  2.91095354
0.97646  3.04645467
0.97919  3.30300774
0.98055  3.45855462
0.98192  3.51238988
0.98442  3.50508188
0.98579  3.40906528
0.98897  3.15529882
0.99261  2.91061218
0.99762  2.73565393
0.99944  2.76135498
1.0019  2.63537644
1.0056  2.66021801
1.0073  2.65599132
1.009  2.63379966
1.01249375  2.65970412
1.0176  2.78645623
1.0236  3.04803887
1.029  3.21053527
1.0317  3.24081873
1.0335  3.23529219
1.0354  3.25687775
1.0393  3.21817606
1.044  3.23781301
1.049  3.36433898
1.0511  3.40097107
1.0561  3.60758642
1.0597  3.84538551
1.0622  3.99593885
1.0663  4.14670667
1.0695  4.16768782
1.07339375  4.07224713
1.0784  3.8576577
1.0829  3.64612223
1.0852  3.49806288
1.0866  3.37414492
1.08769375  3.46863066
1.0891  3.77589469
1.09  3.84950863
1.0942  3.70790923
1.1088  3.31169994
1.1096  3.29637995
1.1112  3.48976692
1.1131  3.24049414
1.1241  3.11294089
1.1299  2.99673776
1.1337  2.94631343
1.1415  2.89380178
1.1456  2.9956922
1.1489  2.85264432
1.1551  2.6853914
1.1592  2.63900699
1.1635  2.68281525
1.1678  2.75527526
1.1708  2.87547221
1.1735  2.92799406
1.175975  2.89221662
1.1801  2.75075006
1.1833  2.66050538
1.1868  2.57987351
1.1922  2.52655082
1.1965125  2.5380487
1.1991  2.57007119
1.2006  2.57292076
1.2049  2.66590948
1.2063  2.70994928
1.2106  2.81737992
1.2128  3.07388585
1.2147  2.96841128
1.2198  3.06156318
1.2242  3.09427998
1.2252  3.10971076
1.2293  3.1184557
1.2377  2.98909901
1.242  2.81561191
1.2444  2.74237149
1.2545  2.51608007
1.2632  2.39484078
1.2683  2.38080331
1.2718  2.33965235
1.2789  2.30590161
1.28175  2.30575
1.2846  2.30594344
1.29025  2.36957638
1.2959  2.44568503
1.2981  2.56388851
1.3012  2.70310059
1.3048  3.06015348
1.3065  3.14220417
1.3096  3.4300423
1.3122  3.65284412
1.3141  3.7417978
1.3162  3.79074887
1.31775  3.75359611
1.3193  3.69023835
1.321  3.5829536
1.322  3.84576527
1.3220875  3.83361323
1.3234  3.48574276
1.3253  3.2897625
1.3298  3.00928276
1.3332  2.87182494
1.337  2.67230243
1.3434  2.5098674
1.3513  2.37009583
1.3548  2.35481311
1.3553  2.35506124
1.3637  2.34686642
1.366  2.32058638
1.3687  2.27596966
1.3722  2.22910987
1.3764  2.2307623
1.3806  2.2769889
1.3834  2.33147979
1.385  2.3331589
1.3873  2.3250063
1.3889  2.61648576
1.3906  3.21034233
1.3911  3.53466228
1.3912125  3.57140314
1.39194375  3.74479229
1.392  3.74917672
1.39210313  3.73207477
1.3929625  3.49639894
1.3942  3.06645402
1.3956  2.77470421
1.3975  2.59889887
1.3993  2.54433973
1.4039  2.43695986
1.4113  2.38198192
1.4194  2.38667805
1.4268  2.26043744
1.4294  2.55896158
1.42950625  2.54584574
1.4311  2.25231166
1.4335  2.21363121
1.4387  2.23535319
1.4511  2.20887004
1.4554  2.21262003
1.464  2.19063263
1.4704625  2.21333752
1.4728  2.29783382
1.47851875  2.17302927
1.485  2.09379347
1.4902  2.00655708
1.4931  1.9652893
1.49570157  1.97318966
1.4976  2.13147061
1.5008  2.22099932
1.50475  2.15941471
1.5087  2.0745588
1.5154  1.9760493
1.5259  1.93325314
1.537  1.91346431
1.5404  1.93337257
1.5438  2.03191711
1.545325  1.97617841
1.5499  1.90050665
1.55682032  1.93896858
1.55698125  1.9468953
1.5602  2.23850974
1.56034375  2.22649852
1.5625  1.97480694
1.56271875  1.97203145
1.5695  1.97338132
1.5751  2.06389539
1.5793  2.20087847
1.5824  2.28722271
1.5879  2.55988916
1.5923  2.94087625
1.5958  3.34285513
1.5991  3.82554238
1.6011  4.1801789
1.6017  4.30876221
1.6032  4.42026162
1.6042875  4.30961761
1.6061  4.08899391
1.6078  3.86003678
1.6105  3.4355657
1.6131  3.15989313
1.6157  2.84378412
1.6195  2.58098503
1.626  2.36928489
1.6309  2.23034084
1.632025  2.33099593
1.6339  2.39749931
1.63619688  2.28783373
1.6388  2.07098373
1.6415  1.97467961
1.6505  1.86962363
1.6628  1.83886453
1.6651  1.82044451
1.6748  1.67944262
1.6775  1.41787883
1.67976407  1.28737465
1.67983204  1.29048247
1.68095313  1.46172926
1.6839  2.01623182
1.6854  2.0758315
1.6889  2.19643691
1.6938  2.33286146
1.6965  2.37064802
1.70145  2.27542167
1.7064  2.23442467
1.7114  2.41823331
1.7164  2.78874357
1.7196  2.98943447
1.72072813  2.86780757
1.7234  2.80735809
1.7357  2.85540869
1.739  2.84361593
1.7415  2.8452114
1.7465  2.71328159
1.7564  2.40513838
1.7580875  2.40128114
1.7582  2.40283054
1.7603  2.54517584
1.7625  2.32051959
1.7679  2.03983381
1.7698  2.20518179
1.76998282  2.1924829
1.7737  1.84071599
1.7807  1.78495796
1.7834  1.77139766
1.7852  1.83314193
1.787  2.0055116
1.7892  1.92644608
1.7913  2.05981834
1.7961  2.13438156
1.7983  2.28761966
1.7995  2.48319355
1.8007  2.93201324
1.801825  3.30580805
1.8019  3.31868818
1.80199375  3.31076219
1.80269688  3.15351371
1.80279063  3.12166022
1.8028375  3.09602842
1.80335313  2.70551093
1.8034375  2.65556545
1.803925  2.4638953
1.804  2.44263247
1.80410782  2.43077408
1.8086  2.29900231
1.826  1.99480906
1.8359  1.86404268
1.8403  1.84700192
1.8483  1.78617569
1.8629  1.60501352
1.8793  1.34705827
1.8844  1.29807536
1.88965  1.34323202
1.8956  1.46525075
1.90121875  1.46367787
1.90135469  1.46514043
1.90146563  1.47492239
1.90343438  1.7861033
1.9035  1.7914484
1.90361094  1.78795346
1.9068836  1.50510637
1.9117  1.4110721
1.9141  1.51917678
1.9184  1.42329923
1.9226  1.39254344
1.9281  1.71383763
1.93133125  2.04254038
1.93143125  2.06379943
1.9324  2.43362974
1.93324375  2.91582841
1.9333375  2.98435732
1.933525  3.14839937
1.93358125  3.18401705
1.93365625  3.19964416
1.93375  3.18385709
1.9348  2.90826362
1.935925  2.36163739
1.936  2.33237894
1.93609375  2.31037271
1.9375  2.10789961
1.9393  2.04822485
1.9478625  2.13615003
1.953  2.20574892
1.9569  2.49920189
1.9615  2.65853288
1.9666  2.63515106
1.9694  2.97270533
1.96960625  2.95588995
1.97325  2.5481273
1.9782  2.23153165
1.9882  2.12935556
1.9964  2.12455981
1.99807344  2.12923584
2.0117  2.30471332
2.015  2.3386191
2.0182  2.59495135
2.02  2.7147128
2.0269  2.46790654
2.0301  2.47284315
2.0332  2.4725686
2.04175  2.56030163
2.0446  2.62628247
2.0473  2.53233681
2.0519  2.55955536
2.0555  2.67943086
2.0683  2.70374486
2.0797  2.66044144
2.0842  2.68308295
2.0897  2.80619753
2.0965  2.81150484
2.106  2.92298244
2.1092  3.00334021
2.11415  2.91848538
2.1224  2.67190745
2.1256  2.45318688
2.1287  2.4254804
2.132  2.37081249
2.1365  2.09188978
2.1385  2.08686221
2.14290625  2.12091862
2.1479  2.26678774
2.1504  2.37415968
2.1529  2.46897357
2.1566  2.52723079
2.1611  2.55373682
2.1695  2.37461717
2.1779  2.17410101
2.184  2.15825684
2.1902  2.15593715
2.19610625  2.30964894
2.2007  2.78849144
2.2025  2.88504268
2.203775  2.78458419
2.2093  2.14412638
2.2166  2.01351984
2.2212  2.52164944
2.22137657  2.51081603
2.22526094  2.14317741
2.2325  1.93897667
2.2338  1.92432143
2.2385  1.8934395
2.24200625  1.9727842
2.24221875  1.98588871
2.2453  2.26907909
2.2512  1.9103869
2.2558  1.95957727
2.2608  1.89224055
2.2653  2.14768613
2.2685  2.24333798
2.2708  2.48304228
2.27455  2.31120263
2.289  2.1610782
2.2953  2.12803019
2.3104  2.11950772
2.3135  2.36963932
2.319  2.13161078
2.3245  1.967857
2.3354  1.88995871
2.3422125  1.9724782
2.3463  2.09246055
2.3622  2.16059351
2.3757  2.3068217
2.3988  2.49623542
2.4058  2.65675363
2.4113  2.81133653
2.4153  2.88732281
2.41876875  2.80335787
2.4227  2.60834259
2.4262  2.71786872
2.4362  2.65933142
2.4387  2.59840511
2.4432  2.66636755
2.4541  2.57129701
2.455475  2.72577242
2.4596  3.07234989
2.46657266  2.43877711
2.4766  2.32520172
2.4915  2.3113665
2.5035  2.24761925
2.5154625  2.31433485
2.5209  2.64987748
2.5249  3.05735827
2.52686875  2.82384493
2.5294  2.68654441
2.5333375  2.17897552
2.53343907  2.17380748
2.5384  2.40872416
2.5423  2.19250737
2.5483  1.95526284
2.5601125  1.89998572
2.5603  1.90346795
2.56047188  1.92304883
2.56305  2.28153358
2.5658  2.62893866
2.56826094  2.96528803
2.56833829  2.96054037
2.5701375  2.49324453
2.57036719  2.44827287
2.5732  1.98366489
2.57340313  1.97365931
2.5797  1.79281967
2.5852  1.7461695
2.59414922  1.89542326
2.59965752  2.3424344
2.59975  2.33717418
2.6011  2.09298595
2.6061  1.85719285
2.6154  1.81006831
2.6206  1.77737857
2.63  1.77226103
2.637  1.76044284
2.654  2.08245061
2.6719  1.76116638
2.6764  1.86116573
2.6844  1.82812383
2.6973  1.49777606
2.70327657  1.85202166
2.7143  1.99925752
2.7188  1.93981408
2.7272  2.1625119
2.7317  2.17096758
2.74095  1.91854493
2.7502  1.79468334
2.785  1.63294591
2.7917  1.6967096
2.8118  1.92790827
2.8199  1.97220962
2.8278125  1.91926139
2.841  1.70753491
2.8459  1.82954165
2.8605  1.71949157
2.8833  1.7517956
2.8946  1.66216141
2.90647813  1.69967373
2.9187  1.86300004
2.9247  1.94534573
2.9418  1.47400731
2.9523  1.63451294
2.9726  1.70739971
2.9816  1.57605646
2.9946  1.60456519
3.0035  1.6146528
3.0218125  1.38637106
3.0328  1.24046265
3.0433  1.21501625
3.0645  0.92036231
3.0767  0.842938152
3.0921  0.838539689
3.10098125  0.935894181
3.1124  1.0698706
3.1441  1.32045695
3.1555  1.59672962
3.1668  1.3835089
3.1766  1.68869297
3.1823  1.74797689
3.1944875  1.40219451
3.2083  1.27285364
3.2245  1.48389388
3.253  1.44327231
3.2619  1.57779281
3.2676  1.58029076
3.27905548  1.38359101
3.3017  1.20538336
3.3123  1.14791681
3.3252625  1.23331657
3.3367  1.46624616
3.3472  1.66373517
3.3602  1.58768938
3.3716  1.84134656
3.37968829  1.82488997
3.3919  1.49642315
3.4041  1.34916062
3.4163  1.39607734
3.4464  1.23828178
3.4837  1.55028573
3.4943  1.51595064
3.517  1.53402426
3.5354  1.71245179
3.5452  1.79423213
3.556  1.80337411
3.5763125  1.46706892
3.5885  1.33058246
3.6183125  1.39947852
3.6362  1.45410054
3.6503  1.65114191
3.6622  1.44112601
3.6774  1.51520866
3.6914  1.74349086
3.7055  1.82242982
3.712  1.58360847
3.7172  1.63092577
3.7315  1.77428261
3.7455711  1.37543991
3.7532  1.3524498
3.7673  1.55865139
3.7847  1.41007837
3.7965  1.42592581
3.8095  1.27874388
3.8388  1.29394051
3.8475  1.00717399
3.85605313  1.01415051
3.8713  1.26866731
3.8886  0.899741683
3.907  0.996872878
3.9146  1.27733821
3.9309  1.12380899
3.9634  1.42327414
3.9861  1.37824177
4.0056  1.41118478
4.0154  1.2710681
4.0251  1.35051366
4.0566  1.04556815
4.0652  1.02090171
4.08805157  1.43022721
4.0977  1.45091629
4.1046125  1.36197888
4.153  0.773711001
4.17354375  0.90561512
4.1876  1.13451175
4.2061  1.58363071
4.2126  1.62995649
4.2364  1.28698235
4.2548  1.34077806
4.2722  1.29492777
4.2841  1.48213087
4.2982  1.50237493
4.3166  1.70132317
4.34253829  1.34304588
4.3523  1.32280147
4.361  1.45715505
4.3707  1.3549261
4.3957  1.35512592
4.4251  1.15431151
4.4569  1.02544008
4.4863  1.00867078
4.5353  0.824522611
4.571075  1.16923567
4.583  1.304663
4.594025  1.28499782
4.6026  1.21384714
4.62813125  1.21749897
4.6406  1.36445412
4.66890079  1.25728259
4.6981  1.02300608
4.7079  1.01709969
4.72243125  1.11366088
4.7544  1.1261851
4.7777  1.23808024
4.81060625  1.22139604
4.883  1.09684778
4.9528  1.05586933
4.9711  0.945795715
5.0029  0.89330421
5.016375  0.960697053
5.0568  0.974144306
5.074  1.06142441
5.1046  1.02090058
5.1364  1.05306375
5.1609  1.22708782
5.1719  1.20061596
5.1829  1.10253969
5.2435375  1.31333953
5.2711  1.32033116
5.29065  1.07027421
5.3102  1.01526968
5.3298  1.12527033
5.3494  1.08931418
5.36312657  1.160393
5.3996  1.17566681
5.42165  1.01943325
5.4437  0.979935928
5.4595125  1.34061772
5.4657  1.44500081
5.4841  1.05761668
5.4963  1.07602259
5.5138  0.840313878
5.5289  0.937521321
5.5424  1.12101048
5.5642  1.08393904
5.586  1.21018971
5.6062  1.23297099
5.63305  1.06765328
5.6599  0.996351499
5.7372  0.964503695
5.85  0.927317384
5.88  0.909224652
5.93  0.893620367
5.9521  0.890778451
5.9689  0.96321118
5.9874  0.810164934
6.0092  0.804366035
6.0285  0.904099005
6.0478  0.999056912
6.0646  1.00484465
6.0781  0.822224882
6.1284  0.976765834
6.1402  1.17082991
6.1587  1.21424176
6.17705938  1.15648288
6.2057  0.926967418
6.2292  1.00402908
6.25  0.998107686
6.2645  1.00512052
6.3048  0.872547001
6.3333  0.992475851
6.36031329  0.801550007
6.382  0.732077676
6.4055  0.724330606
6.419  0.82304513
6.43  0.821094705
6.4643  0.831163669
6.4878  0.743422564
6.51351563  0.917601878
6.5451  1.0770452
6.5651  1.09102255
6.58997657  0.916461369
6.65  0.861807975
6.6692  0.84696702
6.7179  0.70766424
6.725  0.709382098
6.7699  0.705322795
6.78085  0.767004212
6.7918  0.833495421
6.8203  0.912104259
6.83351875  0.864822788
6.8673  0.580953495
6.8992  0.754648565
6.9429  0.703091141
6.96  0.705419884
6.9899  0.703730833
7.0183  0.770051706
7.025  0.767508816
7.0502  0.766431567
7.0752  0.608292542
7.10012344  0.795816414
7.1161  0.823321754
7.1434  0.554835545
7.1662  0.649634891
7.1844  0.576846088
7.2015  0.74145461
7.2072  0.793809592
7.2186  0.741887193
7.23  0.684638495
7.2436  0.625708002
7.2663  0.760025496
7.3  0.734371896
7.35  0.668519263
7.4187  0.606875236
7.44114375  0.662411637
7.47  0.718230287
7.4824  0.746987108
7.5  0.773423073
7.512  0.794255135
7.55111875  0.745995098
7.5689  0.715710728
7.5985  0.750242447
7.6281  0.791227425
7.65730938  0.786209548
7.7  0.69951596
7.7168  0.670314532
7.7759  0.639548183
7.8  0.598973666
7.8101  0.577280166
7.85  0.72050928
7.867  0.783663462
7.9014375  0.708438843
7.925  0.684594663
7.96  0.645689456
7.9898  0.606968413
8.0258  0.726133014
8.0922  0.741049851
8.14395  0.636891058
8.1878  0.554138653
8.2  0.545812203
8.2196  0.537071898
8.2537  0.619325893
8.2963875  0.538186371
8.322  0.486310259
8.3561  0.614780213
8.375  0.614303327
8.4  0.614895071
8.42  0.613601165
8.459375  0.6183125
8.525  0.622619899
8.55  0.633187889
8.6  0.643483172
8.625  0.64109241
8.65  0.635323717
8.7  0.642895987
8.75  0.644891007
8.775  0.641912045
8.8316  0.650393239
8.9022  0.58418731
8.95  0.566007213
8.9795  0.557098753
9.082  0.598011978
9.12625  0.586748332
9.2  0.560097707
9.264  0.534492316
9.34895  0.591889787
9.4339  0.645986716
9.50695  0.6379185
9.58  0.625508569
9.65  0.623804755
9.75  0.629427706
9.85  0.637893199
9.95078125  0.634974529
10.05  0.568033431
10.15  0.554511555
10.23125  0.559040441
10.25  0.563791646
10.4  0.588698652
10.75  0.639098895
10.926  0.661313072
11  0.66249897
11.5  0.662299365
11.9  0.658201438
12.2  0.665700691
12.95  0.698817733
13  0.699372636
14  0.745691075
14.71  0.784590576
15  0.802768785
15.683  0.834309543
18  0.923840481
20  1.00919637
