E(MeV)  pendfb7/B10:107
1e-11  193277.753
1.02999e-11  190443.153
1.06087e-11  187650.996
1.09269e-11  184898.498
1.12544e-11  182188.048
1.1592e-11  179515.801
1.19395e-11  176884.139
1.22976e-11  174289.685
1.26662e-11  171734.638
1.30462e-11  169215.386
1.34372e-11  166735.05
1.38403e-11  164289.238
1.42552e-11  161881.012
1.46827e-11  159506.691
1.51229e-11  157168.287
1.55765e-11  154862.736
1.60434e-11  152592.759
1.65246e-11  150354.485
1.70199e-11  148150.436
1.75304e-11  145977.511
1.80559e-11  143837.439
1.85975e-11  141727.649
1.9155e-11  139650.003
1.97295e-11  137601.709
2.03209e-11  135584.473
2.09305e-11  133595.573
2.15579e-11  131637.299
2.22045e-11  129706.388
2.28701e-11  127805.037
2.35561e-11  125930.281
2.42622e-11  124084.342
2.49899e-11  122264.284
2.5739e-11  120471.963
2.6511e-11  118704.945
2.73057e-11  116964.749
2.81247e-11  115249.2
2.89678e-11  113559.639
2.98367e-11  111893.916
3.07311e-11  110253.659
3.16528e-11  108636.509
3.26017e-11  107043.923
3.35795e-11  105473.839
3.45861e-11  103927.63
3.56235e-11  102403.211
3.66913e-11  100902.06
3.77919e-11  99422.0018
3.89247e-11  97964.5707
4.00923e-11  96527.5717
4.12941e-11  95112.5987
4.25327e-11  93717.4343
4.38076e-11  92343.6539
4.51216e-11  90989.1528
4.64742e-11  89655.3194
4.78681e-11  88340.2802
4.9303e-11  87045.2486
5.07818e-11  85768.5014
5.23041e-11  84511.1628
5.38729e-11  83271.5578
5.54878e-11  82050.85
5.71521e-11  80847.3465
5.88653e-11  79662.1627
6.0631e-11  78493.6457
6.24484e-11  77343.0153
6.43215e-11  76208.5651
6.62496e-11  75091.3837
6.82368e-11  73989.9171
7.02822e-11  72905.3023
7.23903e-11  71835.9233
7.45603e-11  70782.8625
7.67967e-11  69744.5999
7.90987e-11  68722.2119
8.14712e-11  67714.209
8.39134e-11  66721.5516
8.64304e-11  65742.8618
8.90212e-11  64779.135
9.16913e-11  63828.9649
9.44399e-11  62893.2666
9.72725e-11  61970.7608
1.00188e-10  61062.3002
1.03193e-10  60166.7769
1.06287e-10  59284.6373
1.09475e-10  58415.0011
1.12756e-10  57558.7263
1.16139e-10  56714.3325
1.1962e-10  55883.0604
1.23208e-10  55063.3224
1.26901e-10  54256.177
1.30707e-10  53460.4294
1.34626e-10  52676.656
1.38664e-10  51903.9015
1.4282e-10  51143.1183
1.47104e-10  50392.9317
1.51513e-10  49654.2255
1.56058e-10  48925.9027
1.60736e-10  48208.6777
1.65557e-10  47501.5839
1.7052e-10  46805.2131
1.75635e-10  46118.6231
1.80899e-10  45442.6065
1.86325e-10  44776.1038
1.91911e-10  44119.6686
1.97667e-10  43472.5164
2.03592e-10  42835.2443
2.09699e-10  42206.9224
2.15985e-10  41588.2127
2.22463e-10  40978.2087
2.29132e-10  40377.4849
2.36004e-10  39785.2584
2.43079e-10  39202.0043
2.5037e-10  38626.977
2.57875e-10  38060.7445
2.6561e-10  37502.4511
2.73572e-10  36952.7094
2.81777e-10  36410.7055
2.90224e-10  35876.9316
2.98929e-10  35350.6855
3.0789e-10  34832.4723
3.17125e-10  34321.5288
3.26631e-10  33818.4195
3.36428e-10  33322.3634
3.46513e-10  32833.8882
3.56906e-10  32352.2835
3.67605e-10  31878.0188
3.78631e-10  31410.4225
3.89981e-10  30949.9769
4.01678e-10  30495.9973
4.13719e-10  30048.9524
4.26128e-10  29608.1878
4.38901e-10  29174.1589
4.52066e-10  28746.2329
4.65617e-10  28324.8326
4.79583e-10  27909.3661
4.93959e-10  27500.232
5.08775e-10  27096.8608
5.24026e-10  26699.6376
5.39744e-10  26308.007
5.55923e-10  25922.3501
5.72598e-10  25542.1204
5.89762e-10  25167.6914
6.07452e-10  24798.5265
6.25661e-10  24435.0025
6.44427e-10  24076.5911
6.63744e-10  23723.6438
6.83653e-10  23375.6663
7.04146e-10  23032.9943
7.25267e-10  22695.1418
7.47007e-10  22362.4512
7.69413e-10  22034.444
7.92477e-10  21711.4293
8.16247e-10  21392.9688
8.40715e-10  21079.36
8.65932e-10  20770.1657
8.91889e-10  20465.6917
9.18641e-10  20165.4976
9.46178e-10  19869.8887
9.74558e-10  19578.4366
1.003771e-09  19291.4308
1.033879e-09  19008.4628
1.064871e-09  18729.8132
1.096811e-09  18455.0809
1.129689e-09  18184.5456
1.163573e-09  17917.8144
1.198452e-09  17655.1519
1.234399e-09  17396.187
1.271402e-09  17141.1701
1.309537e-09  16889.7398
1.348791e-09  16642.1515
1.389247e-09  16398.0464
1.430892e-09  16157.6604
1.47381e-09  15920.6609
1.517989e-09  15687.2739
1.563521e-09  15457.1699
1.610389e-09  15230.5816
1.658691e-09  15007.18
1.708412e-09  14787.1845
1.759655e-09  14570.2858
1.812403e-09  14356.6957
1.866765e-09  14146.1091
1.922723e-09  13938.7394
1.980394e-09  13734.2841
2.039758e-09  13532.9507
2.100939e-09  13334.4497
2.163917e-09  13138.9755
2.228823e-09  12946.251
2.295634e-09  12756.4697
2.36449e-09  12569.3572
2.435368e-09  12385.0996
2.508415e-09  12203.4354
2.583608e-09  12024.541
2.661102e-09  11848.1633
2.740871e-09  11674.4789
2.823082e-09  11503.2362
2.907706e-09  11334.6079
2.994921e-09  11168.3518
3.084697e-09  11004.6313
3.177221e-09  10843.2144
3.272461e-09  10684.261
3.370617e-09  10527.5434
3.471655e-09  10373.2174
3.575785e-09  10221.0621
3.682973e-09  10071.229
3.793441e-09  9923.50379
3.907154e-09  9778.03201
4.024346e-09  9634.60751
4.14498e-09  9493.37066
4.269306e-09  9354.12166
4.397283e-09  9216.99633
4.529177e-09  9081.80092
4.664944e-09  8948.66782
4.804866e-09  8817.40815
4.948897e-09  8688.15084
5.097336e-09  8560.71243
5.250134e-09  8435.218
5.407609e-09  8311.48921
5.569708e-09  8189.64848
5.736768e-09  8069.52145
5.908733e-09  7951.22788
6.085962e-09  7834.59828
6.268395e-09  7719.74807
6.456412e-09  7606.51358
6.649949e-09  7495.00697
6.849411e-09  7385.06881
7.054729e-09  7276.80829
7.266331e-09  7170.07084
7.484147e-09  7064.96163
7.70863e-09  6961.33107
7.939704e-09  6859.28196
8.17785e-09  6758.66848
8.42299e-09  6659.5897
8.675632e-09  6561.90514
8.935694e-09  6465.71049
9.203714e-09  6370.86946
9.479605e-09  6277.47506
9.76394e-09  6185.39474
1.0056625e-08  6094.71898
1.0358267e-08  6005.31891
1.0668767e-08  5917.28268
1.098877e-08  5830.4849
1.131817e-08  5745.01119
1.1657652e-08  5660.73973
1.2007102e-08  5577.75399
1.2367248e-08  5495.93543
1.2737969e-08  5415.36507
1.3120036e-08  5335.92803
1.3513323e-08  5257.70254
1.3918647e-08  5180.57745
1.4335873e-08  5104.62868
1.4765869e-08  5029.74814
1.5208491e-08  4956.00973
1.5664661e-08  4883.30834
1.6134225e-08  4811.71587
1.6618162e-08  4741.13015
1.7116308e-08  4671.62102
1.7629702e-08  4603.08935
1.8158171e-08  4535.60283
1.8702814e-08  4469.06529
1.926345e-08  4403.54245
1.9841246e-08  4338.94094
2.0436008e-08  4275.32455
2.1048973e-08  4212.60269
2.1679938e-08  4150.83716
2.2330215e-08  4089.94013
2.2999587e-08  4029.97162
2.3689445e-08  3970.84626
2.4399561e-08  3912.62239
2.5268741e-08  3844.72398
2.53e-08  3842.34747
2.6058858e-08  3785.9723
2.684e-08  3730.45673
2.7645049e-08  3675.72168
2.8473738e-08  3621.8212
2.9327791e-08  3568.67853
3.0206922e-08  3516.3462
3.111296e-08  3464.74973
3.2045604e-08  3413.94001
3.3006792e-08  3363.84476
3.3996206e-08  3314.51343
3.5015901e-08  3265.87587
3.6065539e-08  3217.98007
3.7147303e-08  3170.75788
3.8260833e-08  3124.25597
3.9408443e-08  3078.40813
4.0589752e-08  3033.25969
4.1807217e-08  2988.74637
4.3060432e-08  2944.91213
4.4352004e-08  2901.69463
4.5681502e-08  2859.13653
4.705169e-08  2817.17727
4.8462114e-08  2775.85827
4.9915706e-08  2735.12075
5.1411981e-08  2695.00496
5.2954052e-08  2655.45378
5.4541406e-08  2616.50626
5.6177342e-08  2578.10698
5.7861316e-08  2540.29384
5.9596832e-08  2503.01305
6.1383309e-08  2466.30138
6.3224464e-08  2430.10661
6.5119683e-08  2394.46448
6.7072909e-08  2359.3242
6.9083489e-08  2324.72053
7.1155607e-08  2290.60421
7.328857e-08  2257.00892
7.5486817e-08  2223.8868
7.7749613e-08  2191.27058
8.0081665e-08  2159.1138
8.2482197e-08  2127.44821
8.49562e-08  2096.22873
8.7502851e-08  2065.48607
9.0127446e-08  2035.17652
9.2829111e-08  2005.32987
9.5613464e-08  1975.90361
9.8479577e-08  1946.92671
1.01433412e-07  1918.35783
1.04473985e-07  1890.22506
1.07607619e-07  1862.4883
1.1083327e-07  1835.17482
1.14157646e-07  1808.24564
1.17579641e-07  1781.72727
1.21106371e-07  1755.58192
1.24736661e-07  1729.8353
1.28478062e-07  1704.45077
1.32329326e-07  1679.45337
1.36298464e-07  1654.80749
1.40384153e-07  1630.53749
1.4459489e-07  1606.60885
1.48929273e-07  1583.04519
1.53396316e-07  1559.81304
1.57994531e-07  1536.93539
1.62733481e-07  1514.3796
1.67611588e-07  1492.17016
1.72638996e-07  1470.27116
1.7781403e-07  1448.70641
1.83147454e-07  1427.4452
1.8863749e-07  1406.50848
1.94295557e-07  1385.86646
2.0011977e-07  1365.5395
2.06122241e-07  1345.49862
2.12300971e-07  1325.76361
2.18668809e-07  1306.30636
2.25223636e-07  1287.14609
2.31979082e-07  1268.25551
2.38932897e-07  1249.6533
2.46099545e-07  1231.31295
2.53476636e-07  1213.25261
2.61079514e-07  1195.44655
2.68905645e-07  1177.91233
2.76971307e-07  1160.62501
2.85273811e-07  1143.60163
2.93830426e-07  1126.81792
3.02638301e-07  1110.29044
3.11715753e-07  1093.99564
3.21059758e-07  1077.94958
3.30689751e-07  1062.12944
3.40602522e-07  1046.55084
3.50818688e-07  1031.1916
3.61334845e-07  1016.06689
3.72172865e-07  1001.15516
3.83329135e-07  986.471074
3.9482686e-07  971.99367
4.06662208e-07  957.73718
4.18859794e-07  943.681253
4.31415555e-07  929.83976
4.44355602e-07  916.193013
4.57675626e-07  902.754536
4.71403329e-07  889.505232
4.85534136e-07  876.458215
5.00097438e-07  863.594912
5.15088382e-07  850.928026
5.30538145e-07  838.439517
5.46441581e-07  826.141722
5.62831765e-07  814.01712
5.79703235e-07  802.077668
5.97091082e-07  790.306326
6.14989512e-07  778.714674
6.33435749e-07  767.286152
6.52423648e-07  756.032007
6.71992699e-07  744.936204
6.92136383e-07  734.00976
7.12896594e-07  723.237228
7.34266415e-07  712.629374
7.5629029e-07  702.171122
7.78960882e-07  691.872684
8.02325342e-07  681.719153
8.26375882e-07  671.720314
8.51162526e-07  661.861823
8.76677012e-07  652.153527
9.02972407e-07  642.581865
9.30039949e-07  633.156562
9.57935933e-07  623.864305
9.86651065e-07  614.714195
1.01195589e-06  606.975954
1.04050974e-06  598.585563
1.06986929e-06  590.311241
1.10005725e-06  582.151324
1.13109702e-06  574.104088
1.16301262e-06  566.167877
1.19582876e-06  558.341283
1.22957087e-06  550.623148
1.26426505e-06  543.01232
1.29993819e-06  535.507352
1.33661789e-06  528.106425
1.37433257e-06  520.807619
1.41311143e-06  513.609367
1.45298448e-06  506.510655
1.5150601e-06  496.023355
1.57948201e-06  485.801347
1.64696196e-06  475.742412
1.71699247e-06  465.933752
1.79034725e-06  456.281948
1.86647465e-06  446.876175
1.94621574e-06  437.625061
2.02897083e-06  428.604503
2.11565421e-06  419.724424
2.20561399e-06  411.068291
2.29984408e-06  402.555504
2.3976358e-06  394.260247
2.5000696e-06  386.101275
2.60637512e-06  378.146033
2.71772686e-06  370.311934
2.83328738e-06  362.674392
2.95433346e-06  355.167234
3.12340751e-06  345.422566
3.30215753e-06  335.947417
3.49113727e-06  326.729817
3.69093216e-06  317.750466
3.90216115e-06  309.029715
4.1254786e-06  300.550567
4.36157631e-06  292.300759
4.67533642e-06  282.325898
5.01263774e-06  272.648454
5.37323346e-06  263.326819
5.76088444e-06  254.33543
6.17530702e-06  245.652849
6.62082346e-06  237.209795
7.19723551e-06  227.55089
7.71498533e-06  219.755297
8.50497668e-06  209.330886
9.37404613e-06  199.37625
1.03339203e-05  189.845939
1.12335964e-05  182.080358
1.23814861e-05  173.388893
1.34594242e-05  166.288485
1.46312081e-05  159.46581
1.61293999e-05  151.844654
1.77775606e-05  144.621937
1.93252836e-05  138.687621
2.1007752e-05  132.980468
2.28366969e-05  127.559568
2.48248706e-05  122.292566
2.69861357e-05  117.288409
2.93355616e-05  112.473092
3.23394351e-05  107.098889
3.51549218e-05  102.701474
3.8215526e-05  98.4850441
4.21205275e-05  93.7958496
4.57875607e-05  89.9739463
4.97738477e-05  86.256871
5.41071826e-05  82.7286314
5.88177798e-05  79.331783
6.39384838e-05  76.0564909
7.04855926e-05  72.4392923
7.6622102e-05  69.4649337
8.32928588e-05  66.6199493
9.18040261e-05  63.4257896
0.000101204483  60.4061594
0.000111545925  57.5226167
0.000124678619  54.3978198
0.000145311218  50.3774519
0.00016241922  47.6268561
0.000189260732  44.1060528
0.000208640463  41.9830023
0.000243120531  38.8737174
0.000264286721  37.2757691
0.000291348888  35.4779155
0.000321119977  33.7809663
0.000354001699  32.1579295
0.000412504265  29.7684106
0.000454743463  28.3416092
0.000501210805  26.9788472
0.000560220117  25.5074883
0.000608993148  24.452766
0.000662012382  23.4452481
0.000729800463  22.3091638
0.000809700505  21.1685659
0.000892438648  20.1527236
0.000970134783  19.3140349
0.00112718916  17.901302
0.00124952731  16.9865645
0.00134046786  16.3928931
0.00145716963  15.7141234
0.00157051151  15.1383458
0.00162146161  14.881318
0.00170724099  14.523667
0.0018907522  13.7656412
0.00209134087  13.075596
0.00224017419  12.6273699
0.00243282095  12.1087015
0.00264417581  11.6056244
0.00284613723  11.1791683
0.00307967293  10.7401832
0.00338534634  10.2342519
0.00366264999  9.83214815
0.00396189595  9.44749033
0.00435343677  9.0049999
0.00479826659  8.57007607
0.00530468331  8.14316938
0.00581546802  7.77073255
0.00632176545  7.44745159
0.00683179221  7.16056058
0.00760581188  6.78023209
0.00835437232  6.46459917
0.00908170797  6.19602595
0.0098723658  5.93952087
0.0107226058  5.69790939
0.011656121  5.46265229
0.0128513874  5.20054948
0.0139702353  4.98609447
0.0151864907  4.78106527
0.0167928058  4.54655592
0.0179641131  4.39660817
0.0187057572  4.31101468
0.0194780198  4.22269499
0.020282165  4.14102755
0.0211737855  4.05123087
0.0222179986  3.9587992
0.023254138  3.86787036
0.024338598  3.78360099
0.0250270297  3.73063082
0.0268345112  3.60579597
0.0291707365  3.46220996
0.0297882796  3.42894303
0.0320049371  3.31117878
0.033668858  3.23395029
0.0349733264  3.17398767
0.0373789341  3.07653292
0.0384599158  3.03313496
0.0418082545  2.91442418
0.0418940724  2.91173932
0.0455413904  2.79877676
0.0456348713  2.79591378
0.0504512485  2.66875992
0.055  2.5652074
0.0557759538  2.54778705
0.0606318349  2.45449873
0.064100329  2.39541537
0.0659104714  2.36506378
0.0733852204  2.25690557
0.0744061538  2.24400889
0.0809700505  2.16248057
0.085  2.11836523
0.0861992013  2.1054515
0.0963402838  2.01010148
0.101410825  1.97329564
0.12  1.84005019
0.149959693  1.68596865
0.152034487  1.67548847
0.20282165  1.45574951
0.23  1.33691405
0.251913043  1.2395551
0.253527063  1.2329282
0.28  1.12386245
0.3  1.0507961
0.3225  0.982871632
0.34  0.940905241
0.359875775  0.905825907
0.3775  0.88684749
0.38  0.885381188
0.4  0.876249257
0.45  0.87921765
0.46  0.876437262
0.475  0.862670627
0.48  0.857431107
0.5  0.820575134
0.52  0.770217313
0.54  0.713625862
0.56  0.656000785
0.575  0.615250469
0.58  0.601923659
0.6  0.553239006
0.65  0.455465699
0.7  0.385711616
0.75  0.336140514
0.7907138  0.308409104
0.8  0.302340044
0.82  0.290251027
0.845  0.277066231
0.861992013  0.269215933
0.88  0.261126955
0.9  0.253086054
0.94  0.239407402
0.95  0.236342442
0.96  0.233433939
1  0.222983759
1.05  0.213743606
1.1  0.21032508
1.15  0.210848567
1.2  0.214240329
1.25  0.219099097
1.3  0.226915831
1.35  0.238645657
1.4  0.253880422
1.45  0.271946897
1.5  0.292807872
1.55  0.324823226
1.6  0.372131692
1.62  0.394016177
1.65  0.427490172
1.68  0.459768919
1.7  0.479844269
1.75  0.516479507
1.8  0.526223716
1.825  0.523905187
1.85  0.521567055
1.9  0.506086063
1.95  0.484762709
2  0.45959484
2.1  0.39587747
2.15  0.364796853
2.2  0.338457022
2.25  0.31949505
2.3  0.30521335
2.35  0.294043019
2.4  0.284965144
2.45  0.28124522
2.5  0.28800828
2.55  0.303471912
2.6  0.319999368
2.7  0.351847396
2.75  0.381578371
2.8  0.399967567
2.85  0.384746522
2.9  0.365001688
2.95  0.346973661
3  0.330002487
3.05  0.315603149
3.1  0.30326804
3.15  0.291204676
3.2  0.282009571
3.3  0.282188474
3.4  0.295908948
3.6  0.329948187
3.8  0.364985889
4  0.349982593
4.2  0.274562056
4.3  0.260821462
4.4  0.244995962
4.6  0.200150807
4.8  0.171294644
5  0.147861179
5.03527063  0.144988266
5.2  0.131845228
5.4  0.116130566
5.5  0.112526678
5.6  0.112222066
5.8  0.114813712
6.2  0.118169067
6.4  0.11834548
6.6  0.117128455
6.8  0.114842829
7  0.110450538
7.2  0.104190467
7.4  0.097379417
7.6  0.090711085
7.8  0.084637145
8  0.079445972
8.2  0.074658108
8.4  0.070521272
8.6  0.066893551
8.8  0.06367174
9  0.060778211
9.2  0.05812708
9.4  0.055791129
9.5  0.054731898
9.6  0.053711943
9.8  0.051874865
10  0.050312323
10.5  0.04658594
11  0.044035673
11.5  0.042182372
12  0.041265191
12.5  0.041305761
13  0.041989858
13.5  0.043224965
14  0.044372861
14.5  0.04490962
15  0.044577436
20  0.02998162
