E(MeV)  pendfb7/Be9:102
1e-11  0.431692287
1.02999e-11  0.425361191
1.06087e-11  0.419124894
1.09269e-11  0.412977175
1.12544e-11  0.406923372
1.1592e-11  0.400954897
1.19395e-11  0.395077068
1.22976e-11  0.389282349
1.26662e-11  0.383575642
1.30462e-11  0.37794889
1.34372e-11  0.372409054
1.38403e-11  0.366946329
1.42552e-11  0.361567556
1.46827e-11  0.356264507
1.51229e-11  0.351041684
1.55765e-11  0.345892238
1.60434e-11  0.340822249
1.65246e-11  0.33582307
1.70199e-11  0.330900332
1.75304e-11  0.326047111
1.80559e-11  0.32126727
1.85975e-11  0.316555064
1.9155e-11  0.311914654
1.97295e-11  0.307339802
2.03209e-11  0.30283432
2.09305e-11  0.298392127
2.15579e-11  0.294018342
2.22045e-11  0.289705671
2.28701e-11  0.285459023
2.35561e-11  0.281271776
2.42622e-11  0.277148893
2.49899e-11  0.273083818
2.5739e-11  0.269080696
2.6511e-11  0.265134089
2.73057e-11  0.26124739
2.81247e-11  0.257415739
2.89678e-11  0.253642136
2.98367e-11  0.249921777
3.07311e-11  0.246258297
3.16528e-11  0.242646428
3.26017e-11  0.239089425
3.35795e-11  0.235582681
3.45861e-11  0.232129264
3.56235e-11  0.228724514
3.66913e-11  0.225371736
3.77919e-11  0.222066071
3.89247e-11  0.218810944
4.00923e-11  0.215601455
4.12941e-11  0.212441161
4.25327e-11  0.209325112
4.38076e-11  0.206256825
4.51216e-11  0.2032316
4.64742e-11  0.200252538
4.78681e-11  0.197315454
4.9303e-11  0.194423059
5.07818e-11  0.191571504
5.23041e-11  0.188763299
5.38729e-11  0.185994704
5.54878e-11  0.183268318
5.71521e-11  0.180580358
5.88653e-11  0.177933318
6.0631e-11  0.175323504
6.24484e-11  0.172753642
6.43215e-11  0.17021992
6.62496e-11  0.167724769
6.82368e-11  0.165264719
7.02822e-11  0.162842309
7.23903e-11  0.16045393
7.45603e-11  0.158101999
7.67967e-11  0.155783122
7.90987e-11  0.153499703
8.14712e-11  0.151248414
8.39134e-11  0.149031401
8.64304e-11  0.146845587
8.90212e-11  0.144693194
9.16913e-11  0.142571082
9.44399e-11  0.140481294
9.72725e-11  0.138420974
1.00188e-10  0.136392025
1.03193e-10  0.134391974
1.06287e-10  0.132421817
1.09475e-10  0.130479588
1.12756e-10  0.128567204
1.16139e-10  0.126681358
1.1962e-10  0.124824821
1.23208e-10  0.122994047
1.26901e-10  0.121191401
1.30707e-10  0.119414214
1.34626e-10  0.117663772
1.38664e-10  0.115937944
1.4282e-10  0.114238856
1.47104e-10  0.112563436
1.51513e-10  0.110913661
1.56058e-10  0.109287078
1.60736e-10  0.107685285
1.65557e-10  0.106106122
1.7052e-10  0.10455091
1.75635e-10  0.103017546
1.80899e-10  0.101507799
1.86325e-10  0.100019304
1.91911e-10  0.098553297
1.97667e-10  0.097108025
2.03592e-10  0.095684822
2.09699e-10  0.094281612
2.15985e-10  0.092899873
2.22463e-10  0.09153758
2.29132e-10  0.090196016
2.36004e-10  0.088873433
2.43079e-10  0.087570892
2.5037e-10  0.086286727
2.57875e-10  0.085022208
2.6561e-10  0.083775423
2.73572e-10  0.08254774
2.81777e-10  0.081337342
2.90224e-10  0.080145327
2.98929e-10  0.078970128
3.0789e-10  0.077812872
3.17125e-10  0.076671855
3.26631e-10  0.075548338
3.36428e-10  0.074440576
3.46513e-10  0.073349747
3.56906e-10  0.072274267
3.67605e-10  0.071215182
3.78631e-10  0.070170993
3.89981e-10  0.069142777
4.01678e-10  0.068129004
4.13719e-10  0.067130722
4.26128e-10  0.066146469
4.38901e-10  0.065177262
4.52066e-10  0.064221688
4.65617e-10  0.06328069
4.79583e-10  0.062352947
4.93959e-10  0.06143935
5.08775e-10  0.060538625
5.24026e-10  0.059651634
5.39744e-10  0.058777135
5.55923e-10  0.05791598
5.72598e-10  0.057066948
5.89762e-10  0.056230873
6.07452e-10  0.055406558
6.25661e-10  0.054594842
6.44427e-10  0.053794546
6.63744e-10  0.053006456
6.83653e-10  0.052229466
7.04146e-10  0.051464328
7.25267e-10  0.050709955
7.47007e-10  0.049967112
7.69413e-10  0.04923473
7.92477e-10  0.048513498
8.16247e-10  0.04780244
8.40715e-10  0.047102218
8.65932e-10  0.046411857
8.91889e-10  0.045732038
9.18641e-10  0.045061779
9.46178e-10  0.04440176
9.74558e-10  0.043751026
1.003771e-09  0.043110222
1.033879e-09  0.042478436
1.064871e-09  0.041856295
1.096811e-09  0.041242903
1.129689e-09  0.040638883
1.163573e-09  0.040043359
1.198452e-09  0.039456922
1.234399e-09  0.038878742
1.271402e-09  0.038309378
1.309537e-09  0.037748023
1.348791e-09  0.037195247
1.389247e-09  0.036650249
1.430892e-09  0.036113556
1.47381e-09  0.035584424
1.517989e-09  0.035063357
1.563521e-09  0.034549621
1.610389e-09  0.034043734
1.658691e-09  0.033544961
1.708412e-09  0.033053792
1.759655e-09  0.032569537
1.812403e-09  0.032092667
1.866765e-09  0.031622502
1.922723e-09  0.031159517
1.980394e-09  0.030703037
2.039758e-09  0.030253525
2.100939e-09  0.029810335
2.163917e-09  0.029373899
2.228823e-09  0.0289436
2.295634e-09  0.028519868
2.36449e-09  0.028102091
2.435368e-09  0.027690685
2.508415e-09  0.027285065
2.583608e-09  0.026885624
2.661102e-09  0.026491798
2.740871e-09  0.02610398
2.823082e-09  0.025721609
2.907706e-09  0.025345069
2.994921e-09  0.02497382
3.084697e-09  0.024608226
3.177221e-09  0.02424777
3.272461e-09  0.023892808
3.370617e-09  0.023542831
3.471655e-09  0.023198187
3.575785e-09  0.022858382
3.682973e-09  0.022523756
3.793441e-09  0.022193828
3.907154e-09  0.021868925
4.024346e-09  0.021548584
4.14498e-09  0.021233121
4.269306e-09  0.020922089
4.397283e-09  0.02061579
4.529177e-09  0.020313792
4.664944e-09  0.020016392
4.804866e-09  0.019723166
4.948897e-09  0.019434403
5.097336e-09  0.019149693
5.250134e-09  0.018869316
5.407609e-09  0.018592873
5.569708e-09  0.018320638
5.736768e-09  0.018052221
5.908733e-09  0.017787891
6.085962e-09  0.017527269
6.268395e-09  0.017270613
6.456412e-09  0.017017557
6.649949e-09  0.016768352
6.849411e-09  0.016522642
7.054729e-09  0.016280672
7.266331e-09  0.016042097
7.484147e-09  0.015807151
7.70863e-09  0.015575501
7.939704e-09  0.015347377
8.17785e-09  0.015122454
8.42299e-09  0.014900953
8.675632e-09  0.01468256
8.935694e-09  0.01446749
9.203714e-09  0.014255439
9.479605e-09  0.014046615
9.76394e-09  0.013840723
1.0056625e-08  0.013637964
1.0358267e-08  0.013438051
1.0668767e-08  0.013241182
1.098877e-08  0.013047077
1.131817e-08  0.012855927
1.1657652e-08  0.012667461
1.2007102e-08  0.012481866
1.2367248e-08  0.012298877
1.2737969e-08  0.012118676
1.3120036e-08  0.011941006
1.3513323e-08  0.011766042
1.3918647e-08  0.011593537
1.4335873e-08  0.01142366
1.4765869e-08  0.01125617
1.5208491e-08  0.011091233
1.5664661e-08  0.010928614
1.6134225e-08  0.010768474
1.6618162e-08  0.010610584
1.7116308e-08  0.010455102
1.7629702e-08  0.010301805
1.8158171e-08  0.010150845
1.8702814e-08  0.010002008
1.926345e-08  0.009855441
1.9841246e-08  0.009710934
2.0436008e-08  0.009568631
2.1048973e-08  0.009428329
2.1679938e-08  0.009290166
2.2330215e-08  0.009153947
2.2999587e-08  0.009019805
2.3689445e-08  0.00888755
2.4399561e-08  0.008757311
2.5268741e-08  0.008605433
2.53e-08  0.008600117
2.6058858e-08  0.008474016
2.684e-08  0.008349837
2.7645049e-08  0.008227405
2.8473738e-08  0.008106841
2.9327791e-08  0.007987972
3.0206922e-08  0.007870916
3.111296e-08  0.007755506
3.2045604e-08  0.007641857
3.3006792e-08  0.007529805
3.3996206e-08  0.007419463
3.5015901e-08  0.007310673
3.6065539e-08  0.007203542
3.7147303e-08  0.007097918
3.8260833e-08  0.006993904
3.9408443e-08  0.006891354
4.0589752e-08  0.006790368
4.1807217e-08  0.006690802
4.3060432e-08  0.006592754
4.4352004e-08  0.006496086
4.5681502e-08  0.006400892
4.705169e-08  0.006307038
4.8462114e-08  0.006214615
4.9915706e-08  0.006123493
5.1411981e-08  0.006033762
5.2954052e-08  0.005945293
5.4541406e-08  0.005858175
5.6177342e-08  0.005772284
5.7861316e-08  0.005687706
5.9596832e-08  0.005604319
6.1383309e-08  0.005522208
6.3224464e-08  0.005441255
6.5119683e-08  0.005361543
6.7072909e-08  0.005282958
6.9083489e-08  0.005205579
7.1155607e-08  0.005129298
7.328857e-08  0.005054192
7.5486817e-08  0.004980154
7.7749613e-08  0.004907262
8.0081665e-08  0.004835413
8.2482197e-08  0.00476468
8.49562e-08  0.004694965
8.7502851e-08  0.004626339
9.0127446e-08  0.004558707
9.2829111e-08  0.004492136
9.5613464e-08  0.004426535
9.8479577e-08  0.004361967
1.01433412e-07  0.004298341
1.04473985e-07  0.004235718
1.07607619e-07  0.004174006
1.1083327e-07  0.004113263
1.14157646e-07  0.004053395
1.17579641e-07  0.003994457
1.21106371e-07  0.003936357
1.24736661e-07  0.003879143
1.28478062e-07  0.003822727
1.32329326e-07  0.003767155
1.36298464e-07  0.00371234
1.40384153e-07  0.003658331
1.4459489e-07  0.003605044
1.48929273e-07  0.00355253
1.53396316e-07  0.003500712
1.57994531e-07  0.003449641
1.62733481e-07  0.003399248
1.67611588e-07  0.003349585
1.72638996e-07  0.003300587
1.7781403e-07  0.003252307
1.83147454e-07  0.003204682
1.8863749e-07  0.003157768
1.94295557e-07  0.003111495
2.0011977e-07  0.003065917
2.06122241e-07  0.003020972
2.12300971e-07  0.002976708
2.18668809e-07  0.002933063
2.25223636e-07  0.002890081
2.31979082e-07  0.002847704
2.38932897e-07  0.002805972
2.46099545e-07  0.002764827
2.53476636e-07  0.00272431
2.61079514e-07  0.002684364
2.68905645e-07  0.002645027
2.76971307e-07  0.002606244
2.85273811e-07  0.002568052
2.93830426e-07  0.002530398
3.02638301e-07  0.002493319
3.11715753e-07  0.002456762
3.21059758e-07  0.002420763
3.30689751e-07  0.002385272
3.40602522e-07  0.002350323
3.50818688e-07  0.002315868
3.61334845e-07  0.002281943
3.72172865e-07  0.002248504
3.83329135e-07  0.002215591
3.9482686e-07  0.002183169
4.06662208e-07  0.002151285
4.18859794e-07  0.00211991
4.31415555e-07  0.002089098
4.44355602e-07  0.002058826
4.57675626e-07  0.002029145
4.71403329e-07  0.002000018
4.85534136e-07  0.001971453
5.00097438e-07  0.001943358
5.17271584e-07  0.001911737
5.35035517e-07  0.001880468
5.53409492e-07  0.00184941
5.72414459e-07  0.001818508
5.92072087e-07  0.001787834
6.09820067e-07  0.00176133
6.2811125e-07  0.001735272
6.46939541e-07  0.001709808
6.663441e-07  0.001684941
6.86318461e-07  0.001660632
7.09887735e-07  0.001633302
7.37378603e-07  0.001602807
7.65920429e-07  0.001572346
7.92223361e-07  0.001545282
8.1598562e-07  0.00152176
8.40445642e-07  0.001498593
8.65654299e-07  0.001475899
8.87855898e-07  0.001456888
9.14470306e-07  0.001435195
9.41899289e-07  0.001413928
9.70133704e-07  0.001393039
9.99232276e-07  0.001372484
1.02623282e-06  0.001354258
1.05518951e-06  0.001335573
1.08496327e-06  0.001317206
1.11557714e-06  0.001299087
1.14705482e-06  0.001281148
1.17942069e-06  0.001263371
1.21269981e-06  0.001245807
1.24691796e-06  0.00122854
1.28210162e-06  0.00121162
1.31827804e-06  0.001195015
1.37433257e-06  0.001170535
1.43304796e-06  0.001146186
1.47348355e-06  0.001130203
1.5150601e-06  0.001114523
1.55780979e-06  0.001099208
1.62404946e-06  0.00107682
1.69343346e-06  0.001054568
1.76543998e-06  0.001032559
1.81525452e-06  0.001018139
1.86647465e-06  0.001004102
1.94621574e-06  0.000983644
2.05759605e-06  0.000956783
2.14508714e-06  0.000936724
2.23673135e-06  0.000917179
2.33183946e-06  0.000898608
2.46528869e-06  0.000874251
2.60637512e-06  0.000849763
2.71772686e-06  0.000832033
2.83328738e-06  0.000815295
3.07995474e-06  0.000781993
3.21153914e-06  0.000765358
3.34809707e-06  0.000749729
3.58964494e-06  0.000724702
3.84787437e-06  0.000699263
4.01226648e-06  0.000684757
4.61118571e-06  0.000638943
4.80725805e-06  0.000625873
5.08237344e-06  0.000610334
6.17530702e-06  0.000552606
6.43913364e-06  0.000540556
7.29736328e-06  0.000508132
7.71498533e-06  0.000493648
8.86661699e-06  0.000460952
9.37404613e-06  0.000448068
1.22115986e-05  0.000392656
1.27308483e-05  0.000384899
1.61293999e-05  0.000341752
1.68152385e-05  0.000334734
2.16005172e-05  0.000295182
2.25233526e-05  0.000289346
2.89330458e-05  0.000254955
3.87471795e-05  0.00022027
5.11782914e-05  0.000191685
6.21838726e-05  0.000173828
8.32928588e-05  0.000150191
9.97965285e-05  0.000137293
0.000147332785  0.000129955
0.00021751207  0.000123263
0.000379467631  0.000114178
0.000617584975  0.000106843
0.001  0.000100017
20  0.0001
