E(MeV)  pendfb7/O16:2
1e-11  55.6017657
1.02999e-11  54.7896624
1.06087e-11  53.9897687
1.09269e-11  53.2012866
1.12544e-11  52.4249008
1.1592e-11  51.65951
1.19395e-11  50.9057961
1.22976e-11  50.1627927
1.26662e-11  49.4311283
1.30462e-11  48.7097701
1.34372e-11  47.9996102
1.38403e-11  47.2993919
1.42552e-11  46.609992
1.46827e-11  45.930356
1.5124e-11  45.2593634
1.55773e-11  44.6000797
1.607e-11  43.9154239
1.6552e-11  43.2755604
1.71013e-11  42.5796309
1.76139e-11  41.9598685
1.81888e-11  41.2962041
1.87344e-11  40.6949715
1.9296e-11  40.1030003
1.99225e-11  39.4723846
2.05201e-11  38.8981081
2.11352e-11  38.3326945
2.17841e-11  37.7624159
2.24375e-11  37.213462
2.31101e-11  36.6729358
2.38033e-11  36.1400797
2.45168e-11  35.6154673
2.52522e-11  35.0982716
2.60091e-11  34.589087
2.67893e-11  34.0870967
2.75768e-11  33.6022263
2.8404e-11  33.1148703
2.9336e-11  32.5907501
3.02159e-11  32.1184386
3.11217e-11  31.6534019
3.20551e-11  31.1950231
3.3016e-11  30.7436825
3.40063e-11  30.2988132
3.50257e-11  29.8607975
3.60763e-11  29.4290377
3.71577e-11  29.003976
3.82722e-11  28.5849878
3.94195e-11  28.1724697
4.06018e-11  27.7658728
4.18189e-11  27.3655525
4.30733e-11  26.9709612
4.43644e-11  26.5825197
4.56951e-11  26.1996314
4.70649e-11  25.8226872
4.84765e-11  25.4511627
4.99297e-11  25.0853914
5.14273e-11  24.7248821
5.29689e-11  24.3699883
5.45576e-11  24.0202052
5.61931e-11  23.6758528
5.78785e-11  23.3364772
5.96135e-11  23.0023784
6.14016e-11  22.6731033
6.32422e-11  22.3489768
6.51391e-11  22.0295238
6.70917e-11  21.7150768
6.91041e-11  21.4051671
7.11755e-11  21.1001245
7.33104e-11  20.7994938
7.55079e-11  20.5035822
7.77728e-11  20.211959
8.01041e-11  19.9249283
8.25068e-11  19.6420609
8.498e-11  19.3636569
8.75289e-11  19.0893039
9.01527e-11  18.819277
9.28567e-11  18.553197
9.56402e-11  18.2913122
9.85089e-11  18.0332632
1.01462e-10  17.7793007
1.04505e-10  17.5290691
1.07638e-10  17.282794
1.10866e-10  17.0401658
1.1419e-10  16.8013575
1.17615e-10  16.5660642
1.21314e-10  16.3234555
1.24952e-10  16.0955459
1.29047e-10  15.8508507
1.32918e-10  15.6301847
1.36902e-10  15.4130989
1.41008e-10  15.1992319
1.45235e-10  14.988778
1.49591e-10  14.781492
1.54076e-10  14.5775155
1.58697e-10  14.3766042
1.63454e-10  14.17895
1.68357e-10  13.9842499
1.73403e-10  13.7927311
1.78605e-10  13.6040717
1.84206e-10  13.4101292
1.89731e-10  13.2275121
1.9562e-10  13.041648
2.01488e-10  12.864818
2.07527e-10  12.69092
2.13752e-10  12.5196606
2.20159e-10  12.3512267
2.26763e-10  12.1853729
2.3356e-10  12.0222679
2.40566e-10  11.8616723
2.47817e-10  11.7029012
2.56327e-10  11.5254874
2.64104e-10  11.3711697
2.73174e-10  11.1998704
2.82555e-10  11.0317421
2.92259e-10  10.8667361
3.02295e-10  10.7048042
3.12676e-10  10.545899
3.23414e-10  10.3899741
3.34521e-10  10.2369838
3.46009e-10  10.0868831
3.5662e-10  9.95501449
3.68867e-10  9.810267
3.8125e-10  9.67139152
3.94343e-10  9.53207122
4.07885e-10  9.39543232
4.21893e-10  9.26143417
4.36381e-10  9.13003677
4.51367e-10  9.00120081
4.66868e-10  8.8748876
4.82901e-10  8.75105909
4.99484e-10  8.62967784
5.15775e-10  8.51653687
5.33487e-10  8.39982707
5.51808e-10  8.28545278
5.71242e-10  8.17060072
5.9086e-10  8.06085645
6.11151e-10  7.95335174
6.31415e-10  7.85158644
6.53099e-10  7.7483785
6.75527e-10  7.64731117
7.00029e-10  7.54294575
7.24069e-10  7.44616941
7.48935e-10  7.35143416
7.74655e-10  7.2587093
8.01257e-10  7.16796455
8.29744e-10  7.07612802
8.58239e-10  6.98931953
8.87423e-10  6.90521332
9.17899e-10  6.82213919
9.49421e-10  6.74090055
9.82026e-10  6.66146664
1.01575e-09  6.58381259
1.050633e-09  6.5079075
1.086713e-09  6.43372818
1.124032e-09  6.36124592
1.167541e-09  6.28171556
1.212754e-09  6.20422665
1.259697e-09  6.12881282
1.309149e-09  6.05439237
1.359823e-09  5.98297533
1.409138e-09  5.91773859
1.463682e-09  5.85003081
1.520364e-09  5.78415439
1.576152e-09  5.72336365
1.637161e-09  5.66104779
1.700561e-09  5.60046437
1.766857e-09  5.54122825
1.835247e-09  5.48410417
1.906318e-09  5.42861367
1.980107e-09  5.37477441
2.056787e-09  5.32250392
2.1364e-09  5.27181712
2.228499e-09  5.2172754
2.324569e-09  5.16457481
2.424781e-09  5.11367103
2.529313e-09  5.06452003
2.63835e-09  5.01707805
2.749021e-09  4.97249035
2.86753e-09  4.92829396
2.991149e-09  4.88567816
3.122718e-09  4.84379827
3.271085e-09  4.80037914
3.426563e-09  4.75869666
3.589367e-09  4.71872772
3.759973e-09  4.68038682
3.938617e-09  4.64364956
4.125824e-09  4.60843403
4.340169e-09  4.57171425
4.56565e-09  4.53669182
4.802846e-09  4.50330044
5.052364e-09  4.47147526
5.337277e-09  4.43869656
5.638357e-09  4.40759148
5.956316e-09  4.37810304
6.292316e-09  4.35013712
6.675327e-09  4.32165456
7.081651e-09  4.29477629
7.544416e-09  4.26766596
8.037565e-09  4.24219283
8.562796e-09  4.21827585
9.161015e-09  4.19436587
9.801027e-09  4.1720104
1.0530195e-08  4.14984776
1.1361362e-08  4.12805147
1.2258135e-08  4.10784819
1.3281511e-08  4.08812521
1.4451319e-08  4.06900155
1.572416e-08  4.05142607
1.7181627e-08  4.03449952
1.8853426e-08  4.01830656
2.0775208e-08  4.0029121
2.3087357e-08  3.98778697
2.5263434e-08  3.97608051
2.53e-08  3.975901
2.8354067e-08  3.96254171
3.2045604e-08  3.94979214
3.6525427e-08  3.93778051
4.1983669e-08  3.92660912
4.8667521e-08  3.91634193
5.7133809e-08  3.90678503
6.7926974e-08  3.89805534
8.2135535e-08  3.89006042
1.01433412e-07  3.88278803
1.28478062e-07  3.87627231
1.67611588e-07  3.87056669
2.28095559e-07  3.86559965
3.27910058e-07  3.86140999
5.12923531e-07  3.85795696
9.10626905e-07  3.85528517
2.5000696e-06  3.85309958
2.774759e-05  3.85205966
3.92050898e-05  3.8520731
0.111773352  3.62305738
0.182476496  3.50256362
0.22620763  3.44914078
0.26  3.43140871
0.28  3.43991477
0.3  3.47291785
0.31  3.50371803
0.32  3.54872515
0.33  3.61323654
0.34  3.70565464
0.35  3.8391843
0.359875775  4.03266528
0.37  4.3303274
0.38  4.78950102
0.39  5.53423448
0.4  6.79480543
0.405  7.73895912
0.41  8.97932074
0.415  10.5689533
0.42  12.4822821
0.425  14.4897035
0.43  16.0597832
0.435  16.5541266
0.44  15.7613818
0.445  14.1032722
0.45  12.2054997
0.455  10.4709336
0.46  9.04012999
0.465  7.91047837
0.47  7.03160687
0.475  6.34726171
0.48  5.81014903
0.485  5.38376526
0.49  5.0411029
0.495  4.76215718
0.5  4.53237138
0.51  4.17925833
0.52  3.92350455
0.53  3.73147141
0.54  3.5825505
0.55  3.46383712
0.56  3.36712741
0.57  3.28652112
0.585  3.18879998
0.6  3.10811489
0.62  3.02241478
0.66  2.89580859
0.68959361  2.82827293
0.71975155  2.7742149
0.75  2.73825
0.78  2.71991227
0.80200887  2.72500887
0.82  2.74302548
0.84  2.78773979
0.86  2.87056509
0.88  3.01501191
0.9  3.26413416
0.91  3.45073134
0.92  3.69777623
0.93  4.02543126
0.94  4.45828799
0.95  5.02141777
0.96  5.727367
0.97  6.50815534
0.98  7.36353581
0.99  7.96894434
1  8.15293433
1.01  7.86956905
1.02  7.26713929
1.04  5.86551323
1.05  5.27144114
1.06  4.78071794
1.07  4.38298012
1.08  4.06174405
1.09  3.80141311
1.1  3.58869056
1.11  3.41390739
1.12  3.26765682
1.13  3.1449989
1.14  3.04213757
1.15  2.95474393
1.16  2.88002939
1.18  2.76432619
1.2  2.6886288
1.21  2.66686217
1.22  2.65794638
1.23  2.66745583
1.24  2.69869743
1.25  2.7683554
1.26  2.8990747
1.27  3.13730793
1.28  3.57322857
1.285  3.91298754
1.29  4.36656381
1.295  4.94811639
1.305  6.28562322
1.31  6.69735632
1.315  6.67991941
1.32  6.26516158
1.33  5.03869049
1.34  4.073749
1.35  3.46820327
1.36  3.09074762
1.37  2.84430362
1.38  2.67432464
1.39  2.55097972
1.4  2.45741037
1.45  2.19416911
1.5  2.0569232
1.55  1.96131389
1.6  1.89022671
1.62  1.88037843
1.63  1.90281826
1.64  2.06955634
1.642  2.18865556
1.643  2.28464729
1.644  2.42395113
1.645  2.63417144
1.645875  2.92043585
1.646  2.9680806
1.6469375  3.48617589
1.647  3.52998647
1.647125  3.64094325
1.6479375  4.44320851
1.648  4.51560073
1.648125  4.68858929
1.6484375  5.15984171
1.6485625  5.37399294
1.649  6.22318055
1.6495  7.33477348
1.6499375  8.24949254
1.65  8.35903625
1.650125  8.52237415
1.6504375  8.84758952
1.65053125  8.88389005
1.650625  8.85556576
1.6509375  8.67117385
1.65103125  8.56705521
1.6511875  8.2969567
1.6515  7.703024
1.652  6.59165582
1.6529375  4.85479823
1.65303125  4.71182124
1.653125  4.59881185
1.6539375  3.72084636
1.654  3.6631101
1.654125  3.5733649
1.6549375  3.07709071
1.6550625  3.01611642
1.656  2.67764749
1.657  2.44755128
1.658  2.2950605
1.659  2.1893564
1.66  2.11365382
1.665  1.92977832
1.67  1.86129602
1.675  1.82648122
1.685  1.78942064
1.686  1.80789234
1.687  1.85512722
1.688  1.91366409
1.689  1.96349011
1.69  1.98295752
1.691  1.95793839
1.694  1.78898114
1.695  1.76611535
1.78  1.6246854
1.8  1.57925501
1.82  1.57026627
1.822  1.60624123
1.824  1.68461856
1.826  1.85633279
1.8279375  2.22937712
1.828125  2.2932742
1.83  3.1032234
1.832  4.37792956
1.8329375  4.71071979
1.8330625  4.72758111
1.834  4.64804258
1.835  4.29421853
1.836  3.86988427
1.837  3.48787101
1.838  3.17838661
1.839  2.93625803
1.84  2.74833132
1.842  2.48415112
1.844  2.3135473
1.846  2.19802442
1.848  2.11653895
1.85  2.05703538
1.852  2.01276733
1.854  1.97932556
1.856  1.95400082
1.86  1.92161804
1.865  1.90665306
1.87  1.91627135
1.875  1.95343711
1.88  2.02866303
1.885  2.1620531
1.89  2.38377731
1.895  2.71294767
1.9  3.06451245
1.905  3.18016634
1.91  2.95859771
1.915  2.62516101
1.92  2.34811305
1.925  2.15208483
1.93  2.01695308
1.935  1.92186471
1.94  1.85284432
1.95  1.76030653
1.96  1.70125483
1.97  1.65943164
1.98  1.62751922
2  1.57951681
2.05  1.49510736
2.1  1.42199339
2.15  1.33887641
2.2  1.22046444
2.22  1.15206384
2.24  1.06234669
2.26  0.941365948
2.28  0.777164312
2.3  0.563216683
2.31575  0.373152452
2.321  0.311522049
2.324  0.278201371
2.327  0.246731677
2.329  0.227000125
2.331  0.20843257
2.333  0.191158233
2.3345  0.179159968
2.336  0.167943898
2.3375  0.157694973
2.339  0.148314957
2.3405  0.139989979
2.3425  0.130434982
2.3445  0.122749986
2.3455  0.119634988
2.3465  0.11700999
2.3475  0.114874992
2.3485  0.113229994
2.3495  0.112084996
2.351  0.111257114
2.352  0.111347469
2.353  0.111938347
2.35417  0.11324476
2.355357  0.115258582
2.357  0.11911184
2.359  0.12549506
2.36  0.129345415
2.3615  0.135975019
2.363  0.143453679
2.3645  0.151880024
2.366  0.161078072
2.368  0.174592113
2.37  0.189373032
2.375  0.231005634
2.38  0.277698559
2.4  0.480676342
2.41  0.57546248
2.42  0.659638995
2.43  0.732240717
2.44  0.793774795
2.45  0.845409569
2.46  0.888504291
2.47  0.924398389
2.48  0.954252074
2.49  0.979105056
2.5  0.999792376
2.52  1.03138248
2.54  1.05328766
2.56  1.06839107
2.6  1.08529299
2.65  1.09249488
2.7  1.09279858
2.75  1.09120174
2.8  1.09190602
2.85  1.10050992
2.87  1.11214361
2.88  1.13080787
2.882  1.14013925
2.884  1.15692947
2.886  1.19634758
2.886875  1.23852164
2.887  1.24801682
2.8871875  1.27197273
2.887875  1.3742946
2.888  1.39999031
2.8881  1.43048062
2.8882  1.47103596
2.8883  1.52231951
2.888375  1.56916264
2.88845  1.62632493
2.8885  1.67222279
2.88855  1.72590839
2.8886  1.78887082
2.88865  1.86283464
2.8887  1.94968169
2.88875  2.05110507
2.8888  2.16787128
2.88885  2.29855176
2.88895  2.57429033
2.8889875  2.66455497
2.8890125  2.71386628
2.8890375  2.75108498
2.8890625  2.7734298
2.88908125  2.77896939
2.8891  2.77400713
2.889125  2.75019697
2.88915  2.70643311
2.889175  2.64336078
2.8892  2.56265474
2.889225  2.46690398
2.8892625  2.30239884
2.88935  1.88642149
2.889375  1.77433713
2.8894  1.66966305
2.889425  1.57372044
2.88945  1.48720606
2.889475  1.41028777
2.8895  1.34272062
2.889525  1.28396594
2.88955  1.23330036
2.889575  1.18990713
2.8896  1.1529464
2.889625  1.12160485
2.8896625  1.08349637
2.8897  1.05411961
2.8897375  1.03163819
2.889775  1.01456193
2.889825  0.998134307
2.889875  0.986907884
2.88995  0.97646696
2.89003125  0.971047181
2.89010938  0.969844275
2.8905  0.978060422
2.891  0.998016303
2.892  1.0277097
2.894  1.0571094
2.896  1.07139148
2.9  1.08572723
2.95  1.13701433
3  1.20662746
3.005  1.23000994
3.0055  1.23760559
3.006  1.25188113
3.0062  1.26213737
3.0064  1.27897609
3.0065  1.29228708
3.0066  1.31267277
3.006675  1.33701934
3.006725  1.36180259
3.0067625  1.38840559
3.0067875  1.41194159
3.0068125  1.4418204
3.0068375  1.47975905
3.0068625  1.52748235
3.0068875  1.58632571
3.0069125  1.65665123
3.0069375  1.73715443
3.007  1.95306053
3.00701875  2.00865734
3.0070375  2.05288557
3.00705625  2.08187355
3.007075  2.09251619
3.0070875  2.08841733
3.0071  2.07508252
3.0071125  2.05262826
3.007125  2.02149112
3.00714375  1.96019273
3.0071625  1.88463016
3.00723125  1.55996807
3.00725  1.47780354
3.00726875  1.40437264
3.0072875  1.34114199
3.00730625  1.28858681
3.007325  1.24637419
3.00734375  1.21359444
3.007375  1.17645803
3.0074  1.15881609
3.007425  1.14864037
3.0074875  1.14141932
3.0078  1.16403006
3.008  1.17420897
3.0084  1.18645351
3.009  1.196405
3.01  1.20520083
3.015  1.22365524
3.04  1.28691598
3.06  1.34902452
3.08  1.4269386
3.1  1.52414555
3.12  1.64405173
3.14  1.78965473
3.16  1.96233871
3.175  2.10920004
3.19  2.26784865
3.201  2.39945407
3.2045  2.45660008
3.206  2.49247538
3.207  2.52752424
3.208  2.58353223
3.209  2.69268302
3.209875  2.92082525
3.21  2.96733565
3.210125  3.03426613
3.210375  3.1962869
3.21046875  3.27092521
3.2105625  3.36621882
3.2106875  3.51983986
3.21090625  3.81229434
3.211  3.95554706
3.2111  4.13490043
3.2114  4.76391701
3.2115  4.95229862
3.211575  5.06593893
3.21165  5.1461748
3.21175  5.18984948
3.211825  5.17111718
3.2119  5.10932984
3.211975  5.00948065
3.21205  4.88016406
3.2124  4.15481071
3.2125  3.96328303
3.2126  3.79093924
3.2127  3.63925613
3.2128  3.50720979
3.2129  3.39324192
3.213  3.29509383
3.21315  3.17309536
3.2133  3.0755274
3.21345  2.99706628
3.2136  2.9335355
3.2138  2.86649477
3.214  2.81465894
3.2143  2.75715522
3.2146  2.71747338
3.215  2.67896849
3.216  2.62992542
3.217  2.61042702
3.218  2.60432691
3.22025  2.61007636
3.224  2.63827853
3.245  2.83594946
3.26  2.958743
3.27  3.02674936
3.28  3.08243607
3.295  3.14272834
3.31  3.17703684
3.327  3.1893
3.349  3.17328399
3.4005  3.08682506
3.43  3.05138311
3.435625  3.05561254
3.4375  3.06949273
3.438  3.08426542
3.4383125  3.11333804
3.43840625  3.13531671
3.43846875  3.16587861
3.43853125  3.21572381
3.43859375  3.28485002
3.438875  3.68349566
3.43896875  3.7958547
3.43903125  3.84995302
3.439125  3.8998784
3.4393125  3.94935983
3.43942188  3.96166604
3.4395  3.95056116
3.44  3.63553402
3.4400625  3.62620217
3.440125  3.62989213
3.4403125  3.67404853
3.4404375  3.71892656
3.44053125  3.77358141
3.440625  3.84975729
3.44090625  4.13405703
3.441  4.26126649
3.44109375  4.42325903
3.4414375  5.12941952
3.44155  5.34325429
3.441625  5.45754658
3.4417  5.53321148
3.441775  5.55963692
3.441825  5.54747877
3.441875  5.51188151
3.44195  5.41898377
3.44203125  5.27672216
3.442375  4.5239362
3.44246875  4.33510594
3.4425625  4.17851497
3.4426875  4.0116357
3.442875  3.79042368
3.44296875  3.6937761
3.4430625  3.61753015
3.4431875  3.54237307
3.4434375  3.41825256
3.4435625  3.37087788
3.443875  3.28964339
3.444125  3.24191766
3.4445  3.19285723
3.445  3.15243309
3.45  3.05388033
3.455  3.03708919
3.47  3.0200355
3.5  3.01112571
3.54125  3.028175
3.61  3.07628031
3.63  3.08118133
3.6462  3.07822788
3.6463  3.07824295
3.6782  3.04915428
3.72  2.99107865
3.73  2.99916003
3.74  3.0664851
3.745  3.16694103
3.75  3.3982218
3.755  3.98506678
3.76  5.33978918
3.761  5.62498962
3.762  5.8219043
3.763  5.87785162
3.764  5.77630967
3.765  5.54495725
3.768  4.59695089
3.769  4.3187768
3.77  4.08122742
3.772  3.71468802
3.774  3.45977238
3.776  3.28069085
3.778  3.15113257
3.78  3.0550346
3.785  2.89754768
3.79  2.80175981
3.795  2.73543663
3.8  2.68460387
3.81  2.60636934
3.83  2.48893163
3.85  2.39353172
3.87  2.31233023
3.895  2.23029999
3.92  2.16892773
3.99  2.05509999
4  2.03572184
4.01  1.97746129
4.02  1.88872411
4.03  1.76153668
4.04  1.5987459
4.05  1.42422142
4.06  1.27613358
4.07  1.17881459
4.08  1.12813619
4.09  1.10707186
4.1  1.10165212
4.11  1.10757898
4.12  1.13064428
4.13  1.18493614
4.14  1.29020922
4.15  1.46204928
4.165  1.80380339
4.17  1.90982424
4.175  1.99697198
4.18  2.05965599
4.185  2.0961726
4.19  2.10830509
4.195  2.09954882
4.2  2.074587
4.205  2.03752055
4.21  1.99192985
4.22  1.88575089
4.26  1.42234227
4.265  1.37178088
4.27  1.32985625
4.275  1.30458636
4.28  1.3097911
4.285  1.36712438
4.29  1.50110508
4.295  1.72004784
4.305  2.27975707
4.31  2.52665631
4.315  2.71617834
4.32  2.8402023
4.323  2.88315586
4.326  2.90424179
4.328  2.90742228
4.330625  2.89849997
4.335  2.86535522
4.34  2.80204808
4.36  2.48438841
4.37  2.34390233
4.38  2.22489149
4.39  2.12507776
4.4  2.04156687
4.41  1.97206121
4.42  1.91536128
4.43  1.87147526
4.44  1.84327487
4.4475  1.8369
4.455  1.84166441
4.46  1.83207992
4.462  1.80654444
4.464  1.74945674
4.466  1.64532379
4.47  1.34978455
4.472  1.25058192
4.475  1.20515887
4.48  1.23935114
4.485  1.27963407
4.49  1.30296872
4.495  1.31271017
4.5  1.31313911
4.505625  1.30587499
4.515  1.28454452
4.52  1.27788937
4.52225  1.28450376
4.524  1.30133923
4.525  1.3199186
4.526  1.3492998
4.527  1.39535558
4.528  1.46752964
4.529  1.57976086
4.53  1.75097781
4.531  1.9988876
4.533  2.62931534
4.533875  2.80039027
4.5340625  2.82099887
4.53425  2.82412461
4.535  2.81214689
4.536  2.67031605
4.538  2.30220662
4.539  2.1509166
4.54  2.03009446
4.545  1.69640647
4.55  1.55851897
4.555  1.48525568
4.56  1.43852839
4.565  1.40507201
4.575  1.35774335
4.585  1.32404182
4.593  1.30393575
4.59975  1.29450662
4.6  1.29606124
4.601125  1.33033032
4.6015  1.33689636
4.602  1.33922559
4.6025  1.33482099
4.605  1.2831701
4.61  1.27236554
4.615  1.26907928
4.62  1.27397922
4.625  1.29717585
4.627  1.31762301
4.6285  1.34170008
4.63  1.37647755
4.631  1.40920999
4.632  1.4523964
4.633  1.50975834
4.634  1.58453207
4.635  1.6778595
4.636  1.78166957
4.637  1.86972568
4.638  1.9000201
4.63875  1.86394175
4.639  1.84762144
4.64  1.73768729
4.64484375  1.32002504
4.645  1.30936158
4.6453125  1.29945772
4.65  1.19878668
4.655  1.16007298
4.66  1.13935801
4.665  1.12463345
4.68  1.09071631
4.725  1.00390868
4.745  0.968847039
4.76  0.94771081
4.77  0.939814427
4.775  0.939325443
4.78  0.942410108
4.785  0.950530271
4.79  0.965709231
4.795  0.990849598
4.8  1.02998979
4.805  1.08815073
4.81  1.17140584
4.815  1.28521102
4.82  1.43001318
4.83  1.75797784
4.832  1.81398979
4.834  1.86155467
4.836  1.89932454
4.838  1.92612196
4.84  1.9418319
4.842  1.94685689
4.845  1.93654625
4.85  1.88324509
4.855  1.80471862
4.87  1.55495478
4.88  1.4225474
4.89  1.31940877
4.9  1.23787863
4.91  1.17195601
4.92  1.11714192
4.93  1.07063134
4.94  1.03032626
4.95  0.995212135
4.96  0.964473884
4.97  0.938445637
4.98  0.917474307
4.99  0.903255336
5  0.897953469
5.01  0.905116789
5.02  0.929303118
5.03  0.975643728
5.04  1.04811771
5.05  1.14358604
5.07  1.36805644
5.08  1.47185999
5.09  1.56798741
5.1  1.68108011
5.103  1.72735007
5.106  1.7833751
5.108  1.82921891
5.11  1.88357305
5.112  1.94854523
5.114  2.02681184
5.1155  2.09655022
5.117  2.1762785
5.1185  2.26885029
5.12  2.37380958
5.1215  2.49320036
5.1255  2.86300039
5.1275  3.05190033
5.1285  3.13495027
5.13  3.23456829
5.131  3.27629266
5.132  3.29469439
5.133  3.28791481
5.134  3.25631782
5.135  3.20189313
5.136  3.1280356
5.137  3.03923873
5.142  2.52517384
5.144  2.33955839
5.146  2.17934565
5.148  2.04407863
5.15  1.93147525
5.155  1.72444465
5.16  1.58913665
5.165  1.49616604
5.17  1.42902164
5.18  1.33755603
5.19  1.27618094
5.2  1.23044725
5.21  1.19383014
5.23  1.13612161
5.25  1.09062061
5.275  1.04474999
5.29  1.0223351
5.3  1.01545609
5.31  1.13067484
5.32  0.922766797
5.32984375  0.977650379
5.33  0.981288356
5.33023438  0.993863338
5.33984375  1.63547182
5.34  1.64132312
5.34023438  1.63822672
5.34984375  1.2993585
5.355  1.08386115
5.36  1.00982946
5.371  0.917052297
5.372  0.913243785
5.373  0.922562191
5.374  0.952075965
5.375  0.986365513
5.38  0.992930017
5.385  0.970855878
5.39  0.95741357
5.3975  0.944604994
5.41  0.931219283
5.42  0.924945325
5.44  0.920935462
5.46  0.928750071
5.47  0.938053341
5.48  0.951737737
5.49  0.970622568
5.5  0.995607676
5.51  1.02764424
5.52  1.06794926
5.53  1.11745306
5.54  1.17685311
5.55  1.2461494
5.56  1.3246371
5.59  1.58585237
5.6  1.66494882
5.6075  1.71510002
5.615  1.75664604
5.6225  1.78615001
5.63  1.80554487
5.6398  1.81339618
5.655  1.79373607
5.665  1.7651486
5.678  1.71565387
5.695  1.6321413
5.73  1.48022398
5.75  1.40222457
5.77  1.33322434
5.79  1.27312219
5.81  1.22112223
5.83  1.17722245
5.845  1.15042184
5.855  1.13652811
5.87  1.12613091
5.88  1.13246077
5.885  1.14309396
5.89  1.16224376
5.895  1.19443786
5.9  1.24819513
5.905  1.33753962
5.908  1.41510366
5.91  1.48820752
5.912  1.57306948
5.915  1.73589702
5.916  1.79901332
5.921  2.150679
5.922  2.21449023
5.923  2.26900165
5.924  2.31094074
5.925  2.33742416
5.926  2.34636855
5.927  2.33682939
5.928  2.30981798
5.929  2.26698425
5.93  2.21088554
5.935  1.85039919
5.94  1.53412351
5.945  1.3180919
5.95  1.17336666
5.955  1.07075608
5.96  0.991271188
5.965  0.923635027
5.975  0.800500741
5.98  0.749163738
5.982  0.738880649
5.983875  0.742980339
5.985  0.755375568
5.986  0.776897998
5.98775  0.846126996
5.988  0.857975768
5.9895  0.967022997
5.99  1.005826
5.992  1.21777963
5.994  1.44329056
5.995  1.53671748
5.996  1.60722245
5.997  1.65322823
5.998  1.67657351
5.999  1.68154118
6  1.67288659
6.001  1.65489254
6.007  1.49464989
6.011  1.40249992
6.015  1.33106941
6.02  1.26471957
6.025  1.21542745
6.03  1.17749059
6.035  1.14766937
6.04  1.12405261
6.045  1.10515568
6.052  1.08567298
6.058  1.07677008
6.061  1.07607478
6.064  1.07941033
6.0675  1.09145006
6.07  1.11060209
6.0715  1.12940011
6.0725  1.14635014
6.074  1.18097627
6.075  1.21242125
6.076  1.25116127
6.078  1.33682917
6.079  1.35843091
6.07975  1.34731381
6.08003125  1.33864166
6.082  1.20390029
6.084  1.0760376
6.085  1.03196869
6.086  1.00789331
6.088  0.975335556
6.09  0.958005444
6.092  0.948130167
6.096  0.937054262
6.106  0.922631685
6.13  0.897380552
6.15  0.880092747
6.175  0.864124376
6.2  0.854501389
6.25  0.847520674
6.26  0.839970947
6.27225  0.835180311
6.314  0.85401864
6.322  0.861858095
6.346  0.901355195
6.352  0.917016851
6.364  0.96971838
6.376  1.05410487
6.378  1.0722036
6.384  1.14099068
6.392  1.22018981
6.396  1.23882717
6.398  1.23826747
6.402  1.22498095
6.404  1.20931172
6.406  1.17972984
6.408  1.1400298
6.412  1.04909817
6.416  0.965797928
6.418  0.930835952
6.42  0.901862238
6.425  0.837602273
6.431  0.770010086
6.434  0.74256969
6.439  0.700969968
6.442  0.679481669
6.444  0.66827024
6.448  0.650685103
6.4516  0.638304988
6.464  0.607159085
6.478  0.576707147
6.494  0.53846017
6.498  0.532343129
6.502  0.530951465
6.5093  0.535098376
6.5166  0.542655879
6.525  0.548693476
6.536  0.568441124
6.548  0.594379232
6.562  0.629256675
6.572  0.657031444
6.582  0.688481291
6.594  0.732560577
6.6  0.750584613
6.614  0.781825599
6.632  0.817516346
6.642  0.833289882
6.65  0.839212641
6.654  0.84642637
6.658  0.860784045
6.664  0.887943134
6.666  0.899814917
6.6745  0.959014913
6.675  0.960899232
6.6759375  0.959575184
6.68  0.920258395
6.685  0.898936588
6.692  0.87852265
6.696  0.869788204
6.71  0.858390919
6.72  0.857058818
6.73  0.860601632
6.74  0.86781437
6.75  0.879149539
6.76  0.895483956
6.775  0.933811324
6.78  0.953620693
6.79  1.01522613
6.795  1.06487486
6.8  1.12104143
6.81  1.26137513
6.82  1.318055
6.825  1.21851184
6.83  1.11033518
6.84  0.916540852
6.85  0.793158291
6.86  0.747963843
6.875  0.719207345
6.88  0.712801473
6.9  0.704328602
6.91875  0.705340625
6.925  0.708631804
6.94  0.706443683
6.95  0.70723108
6.96  0.711538286
6.98  0.73285073
7  0.764364743
7.045  0.844765219
7.055  0.857116318
7.06  0.859674556
7.065625  0.856902494
7.09  0.823070974
7.1  0.811925673
7.12  0.804601091
7.125  0.805196991
7.14  0.782146101
7.15  0.777521766
7.16  0.783209995
7.17  0.826479203
7.175  0.868631761
7.18  0.939559714
7.19  1.14813172
7.2  1.37663412
7.21  1.3195825
7.22  1.20961993
7.23  1.11875387
7.24  1.03685119
7.25  0.979621223
7.26  0.96308292
7.275  0.958635773
7.28  0.951315444
7.3  0.94606963
7.31953125  0.991359427
7.325  1.02278126
7.33  1.02769277
7.335  1.01582451
7.3517  0.954714984
7.36  0.918119725
7.365  0.87245803
7.37  0.811305149
7.375  0.86947043
7.38  0.932996788
7.42  0.863186971
7.475  0.795102814
7.5  0.777930868
7.51875  0.801191255
7.525  0.804175204
7.55  0.801557109
7.5656  0.806545459
7.575  0.79676625
7.6  0.788809687
7.6125  0.796645223
7.7  0.890287502
7.725  0.920681624
7.76  0.942103
7.825  0.958804168
7.85  0.989284586
7.86  0.994328909
7.875  0.973596275
7.88  0.95936763
7.92  0.797933483
7.95  0.658168927
7.96  0.617655204
7.975  0.574342069
7.98  0.562450843
8  0.536778418
8.01875  0.541226876
8.04  0.558697751
8.06  0.592527953
8.075  0.628928006
8.1  0.673912406
8.125  0.732283542
8.15  0.78050183
8.175  0.810239965
8.2  0.828449644
8.24  0.849217959
8.25  0.848687512
8.28  0.827671042
8.3  0.807854236
8.32  0.780206042
8.355  0.723884993
8.375  0.687707445
8.4  0.663197436
8.45  0.63303119
8.5  0.594331855
8.52  0.5854253
8.54  0.584117076
8.5575  0.587451251
8.575  0.59506295
8.6  0.615537169
8.62  0.645989035
8.65  0.701526932
8.675  0.756258409
8.7  0.814108734
8.72  0.857030477
8.725  0.86556681
8.74  0.883786892
8.75  0.891018399
8.76  0.89354105
8.775  0.886472478
8.78  0.881333005
8.8  0.849823178
8.825  0.800551799
8.875  0.718338864
8.9  0.669970682
8.92  0.649106406
8.95  0.653737092
8.96  0.678661466
8.9775  0.680405001
8.987  0.686245158
9.02  0.736585257
9.025  0.753297812
9.04  0.818297025
9.05  0.846400145
9.0796875  0.753606608
9.1  0.736245483
9.125  0.710500901
9.14  0.688762839
9.18  0.638140521
9.2  0.615907902
9.225  0.601794326
9.248  0.600208225
9.274  0.605255186
9.3  0.619280939
9.35  0.685662117
9.375  0.713540102
9.4  0.719961243
9.423625  0.696122596
9.4315  0.691043468
9.525  0.682242114
9.58125  0.687442501
9.6  0.691346936
9.625  0.706007132
9.7  0.729150565
9.725  0.734071912
9.775  0.729595668
9.8  0.74275995
9.825  0.744081587
9.875  0.711156936
9.9  0.706635224
9.925  0.707446134
9.95  0.713889894
9.975  0.730668159
10  0.739923417
10.05  0.753868369
10.122  0.800089968
10.15  0.812388205
10.202  0.825484941
10.245  0.817673725
10.3  0.791652516
10.4  0.722387252
10.45  0.708587756
10.465  0.708060198
10.528  0.710318451
10.563  0.705957528
10.6  0.690656199
10.667  0.686532004
10.6785  0.68767
10.69  0.692536256
10.7  0.70330659
10.71  0.705528868
10.72  0.679565109
10.73  0.624292215
10.74875  0.669824385
10.76  0.693326931
10.78  0.728561644
10.83  0.797826944
10.84  0.806319852
10.85  0.810785934
10.88  0.807725886
10.9  0.813186585
10.92  0.82311128
10.93  0.836259697
10.94  0.866511992
10.96  0.952133015
10.97  0.979873195
11  0.987603437
11.05  1.04470593
11.1  1.10716433
11.15  1.14607251
11.2  1.10136523
11.25  1.03381702
11.3  0.977354193
11.35  0.930175308
11.4  0.899512992
11.45  0.909731189
11.52  0.954827458
11.6  1.00046564
11.643  1.00598539
11.7  1.0017127
11.749375  1.00604507
11.779  1.05966224
11.8  1.07366875
11.85  1.06537679
11.9  1.04233756
11.9525  1.0439875
11.97  1.05013682
12  1.03676233
12.05  0.990589276
12.11  0.927035408
12.161  0.879095189
12.2  0.867827821
12.25  0.885247191
12.3  0.889138305
12.3375  0.887974896
12.45  0.876251827
12.5  0.876951603
12.55  0.875913555
12.6  0.864770561
12.65  0.848546374
12.7  0.840145239
12.7492188  0.852699102
12.85  0.944213014
12.89235  0.97281512
12.9  0.974107942
12.95  0.958373117
13  0.919895909
13.05  0.894957956
13.1  0.893528539
13.2  0.909531635
13.2247  0.909043091
13.25  0.909213579
13.3  0.904338119
13.5  0.923492587
13.55  0.921352178
13.62  0.939066105
13.65  0.952408623
13.74  1.00823416
13.75  1.00722354
13.77  0.997935685
13.81  1.0165431
13.95  0.97921872
14.05  0.935986954
14.15  0.955261021
14.35  0.973021777
14.5  0.961365095
14.55625  0.963461932
14.65  0.978447608
14.75  1.0015446
14.85  1.03101513
15.02  1.04459496
15.05  1.03679682
15.1  1.01350147
15.15  0.984815228
15.2  0.949073819
15.255  0.92039128
15.39207  0.876460372
15.4  0.875953686
15.55  0.885749785
15.6  0.898086552
15.7  0.916745628
15.75  0.922593715
15.8  0.92099759
15.85  0.915686725
15.9  0.905092061
15.95  0.884636333
16  0.856828254
16.1  0.843855602
16.212  0.875540825
16.3  0.907090454
16.4  0.928130871
16.5  0.941299799
16.52875  0.934192293
16.615  0.923405199
16.6516  0.923120994
16.71475  0.930476191
16.82  0.950066668
17  1.00528126
17.1  1.04495851
17.1845  1.0610825
17.25019  1.06563175
17.435  1.05995517
17.488  1.06008662
17.5  1.06007273
17.845  1.06843879
18.004375  1.05746914
18.1  1.03394063
18.2  1.01823983
18.3  1.01573736
18.5  1.0340234
18.6  1.026271
18.7  1.03781691
18.8  1.06146458
18.9  1.09781385
19  1.11183173
19.1  1.10345743
19.2  1.10750553
19.3005  1.09897552
19.401  1.07381203
19.5  1.03331589
19.6  1.00420952
19.7  0.991479121
20.1  1.00212973
20.33424  1.0344685
20.42  1.04318301
20.65  1.05540154
20.81996  1.05547161
20.95  1.05504124
21.25  1.06334046
21.572515  1.05833083
22.15  1.04124406
22.475  1.014979
23.05  0.997361218
23.35  0.995682262
23.65  0.999889588
24  0.98936047
25.15  1.01870311
25.45  1.01541577
25.75  1.01933989
26  1.02668867
26.35  1.02996938
27.85  1.02128005
29  1.03293779
29.35  1.03169892
29.65  1.04252367
29.95  1.04282505
32  1.03403847
34.8739354  1.01288512
41  0.955864709
43  0.928230848
50  0.815000245
53.7477373  0.761048379
61  0.667938211
65  0.623053402
69  0.582558864
73  0.545535365
77  0.511904055
80  0.489000208
86  0.451680296
88  0.437699509
94  0.385911268
97  0.361871862
100  0.340000115
103  0.31997575
106  0.301421506
108  0.290226015
111  0.27530055
116  0.253465802
120  0.238000084
124  0.223881679
128  0.211015371
138  0.181598438
150  0.148000781
