E(MeV)  pendfb7/Zr90:2
1e-11  33.7007333
1.02999e-11  33.2177088
1.06087e-11  32.7420814
1.09269e-11  32.2733766
1.12544e-11  31.8120014
1.1592e-11  31.357301
1.19395e-11  30.9096805
1.22976e-11  30.4685658
1.26662e-11  30.0343301
1.30462e-11  29.60636
1.34372e-11  29.1851849
1.38403e-11  28.7700591
1.42552e-11  28.3615025
1.46827e-11  27.9588898
1.5144e-11  27.5439706
1.55982e-11  27.1537517
1.60658e-11  26.7696345
1.65477e-11  26.3911425
1.70437e-11  26.0186483
1.75549e-11  25.6516231
1.80812e-11  25.2903548
1.86235e-11  24.9344118
1.91818e-11  24.5841165
1.97571e-11  24.2389736
2.03493e-11  23.8993148
2.09597e-11  23.5646703
2.1588e-11  23.2353499
2.22355e-11  22.9109109
2.29021e-11  22.5916397
2.3589e-11  22.2771023
2.42961e-11  21.9676197
2.50248e-11  21.6627455
2.5775e-11  21.3627426
2.65481e-11  21.0672226
2.73439e-11  20.7764771
2.81641e-11  20.4900618
2.90083e-11  20.2083083
2.98784e-11  19.9307674
3.0774e-11  19.6577365
3.16971e-11  19.3888099
3.26472e-11  19.1242772
3.36265e-11  18.8637294
3.46344e-11  18.6074605
3.56733e-11  18.3550721
3.67426e-11  18.1068307
3.78447e-11  17.8623754
3.89791e-11  17.6219456
4.01483e-11  17.3852013
4.13518e-11  17.1523764
4.25921e-11  16.9231374
4.38688e-11  16.6977075
4.53754e-11  16.4444308
4.69336e-11  16.195814
4.85454e-11  15.951785
5.02125e-11  15.7122728
5.19369e-11  15.4772076
5.37205e-11  15.2465209
5.55654e-11  15.0201453
5.74736e-11  14.7980145
5.94473e-11  14.5800636
6.14888e-11  14.3662284
6.36004e-11  14.1564462
6.57846e-11  13.9506551
6.80437e-11  13.7487942
7.03805e-11  13.5508038
7.27974e-11  13.3566252
7.52974e-11  13.1662005
7.78833e-11  12.9794729
8.05579e-11  12.7963865
8.33244e-11  12.6168864
8.61859e-11  12.4409184
8.91456e-11  12.2684293
9.2207e-11  12.0993668
9.53736e-11  11.9336795
9.86488e-11  11.7713164
1.02037e-10  11.6122279
1.05541e-10  11.4563646
1.09165e-10  11.3036784
1.12914e-10  11.1541214
1.16792e-10  11.0076468
1.20803e-10  10.8642084
1.24951e-10  10.7237606
1.29242e-10  10.5862585
1.3368e-10  10.4516578
1.38271e-10  10.319915
1.4302e-10  10.1909869
1.47931e-10  10.0648312
1.53011e-10  9.94140592
1.58266e-10  9.82066972
1.63701e-10  9.70258176
1.69323e-10  9.58710175
1.75138e-10  9.47418984
1.81152e-10  9.36380667
1.87373e-10  9.25591334
1.93808e-10  9.15047138
2.00464e-10  9.04744272
2.07348e-10  8.94678971
2.15378e-10  8.83631852
2.23714e-10  8.72881397
2.32378e-10  8.62410835
2.41373e-10  8.52225896
2.5072e-10  8.42311115
2.60424e-10  8.32671528
2.7051e-10  8.23292132
2.8098e-10  8.14178114
2.91861e-10  8.05315143
3.03158e-10  7.96706164
3.14899e-10  7.88338793
3.27087e-10  7.80216803
3.39754e-10  7.72326776
3.52905e-10  7.6467171
3.66571e-10  7.57239913
3.8076e-10  7.50033066
3.97175e-10  7.42278393
4.14297e-10  7.34785604
4.32157e-10  7.27548392
4.50787e-10  7.20560491
4.70221e-10  7.13815672
4.90492e-10  7.0730775
5.11637e-10  7.01030577
5.33693e-10  6.9497805
5.567e-10  6.89144107
5.83161e-10  6.82970891
6.10868e-10  6.77049285
6.39903e-10  6.71366928
6.70307e-10  6.65920183
7.02167e-10  6.60697392
7.35529e-10  6.55694902
7.73741e-10  6.50476754
8.13938e-10  6.45499913
8.56224e-10  6.40754944
9.00707e-10  6.3623259
9.51516e-10  6.31573378
1.005174e-09  6.27154904
1.061877e-09  6.22963454
1.121759e-09  6.18990996
1.19004e-09  6.14943848
1.262477e-09  6.11124664
1.345e-09  6.07271446
1.432892e-09  6.03652965
1.526554e-09  6.00253591
1.633203e-09  5.96856155
1.747303e-09  5.93679548
1.877264e-09  5.90531045
2.025439e-09  5.87433712
2.185311e-09  5.84562673
2.367795e-09  5.81759205
2.576345e-09  5.79041475
2.803264e-09  5.76543687
3.063043e-09  5.74138522
3.361082e-09  5.71837081
3.703753e-09  5.69648731
4.115884e-09  5.6749946
4.59326e-09  5.65492033
5.147732e-09  5.63627775
5.817937e-09  5.61848727
6.631256e-09  5.60172767
7.62221e-09  5.58614123
8.835675e-09  5.57181669
1.0372745e-08  5.55848331
1.2384534e-08  5.54603249
1.5038261e-08  5.53470375
1.8649908e-08  5.52446479
2.5286378e-08  5.51327441
2.53e-08  5.51325748
3.3568761e-08  5.50551382
4.6656186e-08  5.49886504
6.9083489e-08  5.4933236
1.12720301e-07  5.48884963
2.15915577e-07  5.48543368
5.72414459e-07  5.48298484
0.000215923065  5.42354007
0.0015908907  5.22755895
0.00209620441  5.1241729
0.0024597732  5.01645092
0.002703564  4.91386735
0.002884896  4.80917128
0.003036006  4.6915151
0.00314682  4.57679488
0.003242523  4.44758601
0.003318078  4.31612461
0.003378522  4.18376204
0.003428892  4.04747415
0.003474225  3.89692644
0.003509484  3.7556285
0.003539706  3.61207177
0.003569928  3.4418276
0.003595113  3.27394201
0.0036177795  3.09678771
0.0036328905  2.96188786
0.0036480015  2.81080507
0.0036631125  2.64060628
0.00367444575  2.49830848
0.003685779  2.3414574
0.00369711225  2.16791204
0.00370466775  2.04185415
0.00371222325  1.90660914
0.00371914913  1.77420691
0.00372544538  1.64583893
0.00373174163  1.50967018
0.00373803788  1.36539166
0.00374433413  1.21286319
0.00375063038  1.05224846
0.00375692663  0.884235381
0.00377298207  0.437503205
0.0037762876  0.347560566
0.00377864869  0.285464983
0.0037804746  0.239291854
0.0037819857  0.202622628
0.00378324495  0.173361845
0.0037844255  0.147191328
0.00378529124  0.128883495
0.00378615698  0.111411309
0.00378684956  0.098093117
0.0037875264  0.085693455
0.00378815603  0.074747364
0.00378865973  0.066427082
0.00378913195  0.059000376
0.00378960417  0.051954734
0.00378998194  0.04660616
0.00379035972  0.041524952
0.00379070601  0.037111813
0.00379102083  0.033310414
0.00379133564  0.029716901
0.00379165045  0.026338256
0.00379191804  0.023640798
0.00379213841  0.021543154
0.00379235878  0.019560175
0.00379257915  0.017694574
0.00379278378  0.01606975
0.00379297267  0.014663825
0.00379316156  0.013349934
0.00379335044  0.012129997
0.00379351572  0.011140998
0.00379365738  0.010352682
0.00379379905  0.009619969
0.00379394071  0.008943802
0.00379407451  0.008357797
0.00379420043  0.007853683
0.00379432636  0.007396103
0.00379445228  0.006985755
0.00379457821  0.006623204
0.00379470413  0.006309148
0.00379479858  0.00610578
0.00379489302  0.005930338
0.00379498746  0.005783078
0.00379508191  0.005664272
0.00379517635  0.005574228
0.00379527079  0.005513223
0.00379541246  0.005476796
0.00379552264  0.005494726
0.0037956407  0.005559447
0.00379575876  0.005671826
0.00379587682  0.00583246
0.00379599487  0.006041934
0.00379611292  0.006300873
0.00379620737  0.006544081
0.00379631755  0.006868738
0.00379642773  0.007237976
0.00379653791  0.007652317
0.0037966481  0.008112334
0.00379675828  0.008618477
0.00379686847  0.009171378
0.00379697865  0.009771484
0.00379710458  0.010515954
0.00379724624  0.011429099
0.00379738791  0.012423615
0.00379752957  0.01350059
0.00379767911  0.014728391
0.00379783652  0.0161233
0.00379799393  0.017625065
0.00379815133  0.01923538
0.00379832448  0.021134503
0.00379851337  0.023361642
0.00379870226  0.025754104
0.00379889114  0.028315096
0.00379909577  0.031283934
0.00379931614  0.034712075
0.00379953651  0.038385244
0.00379975687  0.042309052
0.00379999298  0.046798387
0.00380024483  0.051920317
0.00380049668  0.05739546
0.00380074853  0.063233419
0.00380103186  0.070247089
0.00380126798  0.076462915
0.00380158279  0.085290476
0.0038018976  0.094754905
0.00380222815  0.105402046
0.00380251148  0.115126393
0.00380279481  0.125421105
0.00380307814  0.136304032
0.00380345592  0.151761875
0.00380375499  0.164794015
0.00380408554  0.180045893
0.0038044161  0.196220656
0.00380474665  0.213351732
0.00380507721  0.231476011
0.00380540775  0.250629141
0.00380578553  0.273830724
0.0038061633  0.298488199
0.00380654108  0.324665879
0.00380691885  0.352427976
0.00380729663  0.381844248
0.00380770589  0.415660242
0.00380813089  0.453020785
0.00380855588  0.492777276
0.00380898088  0.535050132
0.00380940587  0.5799632
0.00380984661  0.629473494
0.00381031883  0.686011675
0.00381079105  0.746364373
0.00381126327  0.810751783
0.00381173549  0.879408152
0.0038122077  0.95258119
0.00381267993  1.03054127
0.00381315214  1.11356494
0.00381362436  1.20195955
0.00381409658  1.29604616
0.0038145688  1.39616981
0.00381510398  1.5174078
0.00381567064  1.65538927
0.0038162373  1.80398779
0.00381680397  1.96401444
0.00381737063  2.13634317
0.00381793729  2.32193521
0.00381850395  2.5218362
0.00381907062  2.73719218
0.00381963728  2.96924453
0.00382020394  3.21936454
0.0038207706  3.48905166
0.00382133727  3.77995753
0.00382190393  4.09388192
0.00382247059  4.43282269
0.00382303725  4.79897743
0.00382360392  5.19478045
0.00382417058  5.62290258
0.00382473724  6.08632531
0.0038253039  6.5883504
0.00382587057  7.13265907
0.00382643723  7.72332169
0.00382700389  8.36491167
0.00382757055  9.06253295
0.00382813722  9.82191878
0.00382870388  10.6494647
0.00382927054  11.552411
0.0038298372  12.5389098
0.00383040387  13.6181972
0.00383097053  14.8006794
0.00383153719  16.0982378
0.00383210385  17.5243772
0.00383267052  19.0945311
0.00383323718  20.8262505
0.00383380384  22.7397317
0.00383418162  24.127701
0.00383455939  25.6143826
0.00383493717  27.2083928
0.00383531494  28.9190967
0.00383569272  30.7570651
0.00383619642  33.4258504
0.00383666864  36.1798751
0.00383714085  39.2077865
0.00383761308  42.5433852
0.00383808529  46.2247402
0.00383854177  50.1534415
0.00383896677  54.1782745
0.00383939177  58.5995854
0.00383981676  63.464426
0.00384024176  68.8265595
0.00384066675  74.7464838
0.00384109176  81.293529
0.00384151675  88.5450688
0.00384180008  93.814084
0.00384208341  99.4640261
0.00384236674  105.52594
0.00384265007  112.033226
0.0038429334  119.021686
0.00384331118  129.154672
0.00384368895  140.307879
0.00384406673  152.585321
0.0038444445  166.094784
0.00384482228  180.947957
0.00384516857  195.836937
0.00384549913  211.262201
0.00384582968  227.934231
0.00384616024  245.903566
0.00384649079  265.20078
0.00384682764  286.239752
0.00384717708  309.502134
0.003847643  342.652031
0.00384810892  377.902745
0.00384963261  499.011307
0.00385011113  534.649268
0.0038504889  560.263466
0.00385086668  582.8332
0.00385122179  600.64932
0.00385156556  614.281783
0.00385190933  624.008947
0.00385220148  629.036406
0.00385256037  631.048273
0.00385288148  628.990817
0.00385320259  623.430653
0.00385356147  613.358288
0.00385393925  598.822222
0.00385431702  580.856083
0.00385474517  557.200325
0.00385538739  517.272054
0.0038568796  418.898332
0.00385744626  383.662367
0.00385801292  350.864629
0.00385845366  327.255476
0.00385892588  303.868227
0.0038593981  282.429525
0.00385987032  262.858142
0.00386034254  245.038735
0.00386081475  228.83874
0.0038613342  212.722416
0.00386185364  198.215188
0.00386237308  185.143941
0.00386289252  173.349211
0.00386341196  162.686519
0.00386383695  154.713926
0.00386434065  146.047252
0.00386484435  138.140909
0.00386534805  130.91249
0.00386585175  124.289672
0.00386635545  118.208905
0.003867111  109.983509
0.0038676147  105.027204
0.00386824433  99.3522317
0.00386887395  94.190881
0.00386950358  89.4828708
0.0038701332  85.1765457
0.00387107764  79.3737466
0.00387202208  74.2483878
0.00387296652  69.6974031
0.00387391095  65.6365332
0.00387485539  61.9963421
0.00387579983  58.7196068
0.00387674427  55.7588091
0.0038776887  53.0738634
0.00387888499  50.0149208
0.00388008128  47.2830246
0.00388127757  44.8307038
0.00388247385  42.6203885
0.00388367014  40.6205482
0.00388486643  38.8043293
0.00388666086  36.3754115
0.00388851825  34.176348
0.00389040713  32.2129454
0.003892296  30.4794977
0.00389418488  28.9396248
0.00389607375  27.5640389
0.00389802559  26.2898913
0.00390010335  25.07425
0.00390218112  23.9829616
0.00390425888  22.9988991
0.00390702923  21.8307763
0.0039099255  20.7540234
0.0039129477  19.7617995
0.0039159699  18.8825954
0.0039189921  18.099483
0.0039220143  17.3997372
0.0039265476  16.4764476
0.0039310809  15.6782616
0.00393574013  14.9647079
0.00394046232  14.3320812
0.0039451845  13.774865
0.00395148075  13.1281045
0.003957777  12.5709029
0.00396407325  12.0862583
0.0039703695  11.6609804
0.00397886944  11.1643179
0.0039854805  10.829344
0.00399461007  10.4325624
0.00399909615  10.2757523
0.00400141789  10.2298618
0.00400232298  10.2546171
0.00400277154  10.3089838
0.00400317277  10.4160436
0.00400344026  10.5409457
0.00400370775  10.7317241
0.0040039207  10.9481646
0.00400413365  11.239175
0.00400427561  11.4835208
0.00400441758  11.7748566
0.00400455954  12.1190359
0.00400470151  12.5219415
0.00400484347  12.9890592
0.00400500786  13.6167579
0.00400517224  14.3434465
0.00400533662  15.1731759
0.004005501  16.1070347
0.00400568475  17.270966
0.0040058685  18.552067
0.0040061135  20.412079
0.00400676765  25.7117057
0.0040069808  27.3176331
0.0040071964  28.7558022
0.0040073434  29.5911979
0.0040074904  30.2844678
0.0040076374  30.8177695
0.00400780155  31.2071352
0.00400799412  31.3702946
0.0040081617  31.2486097
0.0040083332  30.8741533
0.0040084802  30.3618003
0.0040086468  29.5851754
0.0040088428  28.4385662
0.0040090388  27.087917
0.0040092887  25.1587969
0.004009862  20.4596955
0.004010107  18.5695953
0.00401029075  17.2627612
0.00401043775  16.2998157
0.00401060925  15.2774608
0.00401078075  14.367969
0.00401095225  13.5712447
0.00401109925  12.975308
0.00401122175  12.5369944
0.0040114055  11.9719605
0.00401158925  11.5074431
0.004011773  11.1308816
0.00401195675  10.8295649
0.0040121405  10.5912821
0.0040123855  10.352345
0.0040126305  10.1823978
0.004012998  10.0166712
0.0040134145  9.90827786
0.004014664  9.77406745
0.0040178  9.63475399
0.00402516838  9.40772921
0.00403464988  9.16378361
0.00405169269  8.79531362
0.0040687355  8.49144553
0.00408918688  8.18998834
0.00410963825  7.94016634
0.00413690675  7.66702381
0.00416872  7.4118106
0.00420205468  7.19732552
0.00424365846  6.98255306
0.00429120564  6.78924721
0.00435063962  6.60101769
0.0044260875  6.41929045
0.00451560938  6.25765645
0.004625025  6.11002251
0.00476428125  5.97180822
0.004943325  5.8427368
0.00518205  5.71909669
0.00552024375  5.59453673
0.0060354123  5.45924114
0.006757635  5.31868057
0.006989994  5.29259326
0.0070775265  5.30612952
0.0071189055  5.33715863
0.007142778  5.37803997
0.00716267175  5.4436883
0.007174608  5.5115595
0.0071825655  5.57879264
0.007190523  5.67516049
0.00719649113  5.7775102
0.00720245925  5.92074717
0.007206438  6.05036753
0.00720972048  6.18699184
0.00721300294  6.36135549
0.00721519125  6.50570777
0.00721718063  6.66243251
0.00721917  6.85001983
0.00722115938  7.07714458
0.00722265141  7.2804638
0.00722404397  7.50219763
0.0072253868  7.75200491
0.00722672963  8.04548062
0.00722807246  8.39348284
0.00722896768  8.66278317
0.0072298629  8.9682276
0.00723090732  9.37944317
0.00723180254  9.7888351
0.00723269775  10.2624303
0.00723359298  10.8146089
0.00723418979  11.2354062
0.0072347866  11.7062963
0.00723548288  12.3303409
0.00723607969  12.9412481
0.0072366765  13.6361295
0.00723727332  14.4314789
0.00723787013  15.3481121
0.007238268  16.0394752
0.00723866588  16.806272
0.00723906375  17.6602225
0.00723946163  18.6156044
0.0072398595  19.6897528
0.00724025738  20.904149
0.00724055579  21.9227681
0.00724085419  23.048762
0.0072411526  24.298517
0.007241451  25.6914859
0.00724172952  27.1415639
0.00724200803  28.7596737
0.00724228654  30.5731332
0.00724256505  32.6144556
0.00724277394  34.3180692
0.00724298283  36.1904376
0.00724319171  38.2529407
0.00724340059  40.52993
0.00724360948  43.0488169
0.00724377857  45.285672
0.00724397751  48.1699863
0.00724417645  51.3574793
0.00724437539  54.8825535
0.00724457432  58.7821041
0.00724477326  63.0960861
0.0072449722  67.8659537
0.00724517114  73.1348603
0.00724535018  78.339658
0.00724550933  83.3612213
0.00724566848  88.7773182
0.00724582763  94.6088106
0.00724598678  100.875047
0.00724614593  107.593284
0.00724630508  114.778055
0.00724646423  122.440499
0.00724667311  133.233295
0.00724686708  144.005798
0.00724706104  155.489267
0.00724731966  171.861708
0.00724757828  189.346651
0.00724787669  210.689146
0.00724891116  288.642781
0.00724926527  313.798294
0.00724952787  330.832591
0.00724979046  345.963676
0.0072500451  358.404867
0.00725029974  368.290748
0.00725053847  374.979016
0.00725077719  378.98892
0.007251  380.219663
0.00725119098  379.319522
0.00725142971  375.682607
0.00725166843  369.350018
0.00725190716  360.489231
0.00725214588  349.331113
0.00725240252  335.09533
0.00725265915  318.929746
0.00725300928  294.542781
0.00725404375  216.696971
0.00725441178  190.206414
0.0072546903  171.391285
0.00725489918  158.121051
0.00725510807  145.636198
0.00725531695  133.972778
0.00725553578  122.650277
0.00725569493  114.990798
0.00725585408  107.808242
0.00725601323  101.091506
0.00725617238  94.8260986
0.00725633153  88.9948132
0.00725649068  83.5783539
0.00725664983  78.5559145
0.00725682887  73.3495872
0.00725702781  68.0783993
0.00725722675  63.3057401
0.00725742569  58.988556
0.00725762462  55.0854844
0.00725782356  51.5566523
0.0072580225  48.3652364
0.00725822144  45.4768966
0.00725839053  43.2365787
0.00725859942  40.7134037
0.00725880831  38.4320498
0.00725901719  36.3653552
0.00725922607  34.4889635
0.00725943495  32.7814123
0.00725971347  30.7348361
0.00725999198  28.9164195
0.00726027049  27.2935776
0.007260549  25.8390405
0.00726084741  24.4414336
0.00726114582  23.1873292
0.00726144422  22.0572124
0.00726174263  21.0346825
0.0072621405  19.8154067
0.00726253838  18.736642
0.00726293625  17.7769866
0.00726333413  16.9189818
0.007263732  16.1484125
0.00726412988  15.4534598
0.00726472669  14.5318405
0.0072653235  13.7319134
0.00726592032  13.0327786
0.00726651713  12.4179396
0.00726721341  11.7896533
0.00726781023  11.3153828
0.00726840704  10.89143
0.00726930225  10.3348892
0.00727019748  9.85728735
0.00727109269  9.44423239
0.00727213711  9.02909604
0.00727303233  8.72055839
0.00727437516  8.32414829
0.00727571799  7.99189884
0.00727706082  7.71055128
0.00727840365  7.47017206
0.00727984594  7.24898149
0.00728183532  6.99392788
0.00728382469  6.78428943
0.00728581407  6.60983839
0.00728790291  6.45636526
0.00729118538  6.26203262
0.00729446785  6.11030336
0.00729755138  5.99594657
0.00730153013  5.87795859
0.00730749825  5.74529494
0.0073194345  5.57570609
0.00733137075  5.47494262
0.007343307  5.40990414
0.007359222  5.35312185
0.0073830945  5.30137872
0.0074244735  5.25308345
0.00751829  5.20337994
0.00781255097  5.13202157
0.00856812  5.00939952
0.00865872  5.02514603
0.00870402  5.0615671
0.0087312  5.1118272
0.00874932  5.17278923
0.00876291  5.24688298
0.0087715925  5.31598404
0.0087798975  5.40771389
0.0087859375  5.49793102
0.0087916  5.60882868
0.0087972625  5.7565919
0.00880084875  5.87703025
0.00880424625  6.01743682
0.00880764375  6.19171944
0.00881019188  6.35146233
0.00881274  6.5437852
0.008815005  6.74975504
0.00881727  6.99769784
0.00881896875  7.21828062
0.0088206675  7.47611379
0.0088218  7.67308026
0.00882331  7.97348316
0.00882482  8.32617967
0.0088259525  8.63258077
0.008827085  8.98241535
0.0088282175  9.38430591
0.00882935  9.84913535
0.0088304825  10.3907891
0.0088312375  10.8032184
0.0088319925  11.2642489
0.0088327475  11.7818309
0.0088335025  12.3656189
0.00883414425  12.9226555
0.008834937  13.7018294
0.0088354655  14.2865358
0.008835994  14.9319441
0.0088365225  15.6468199
0.008837051  16.4415658
0.0088375795  17.328593
0.008838108  18.3227941
0.00883867425  19.5274389
0.00883905175  20.4234993
0.00883942925  21.4048894
0.00883980675  22.4826686
0.00884018425  23.6696689
0.00884056175  24.9808101
0.00884093925  26.4334632
0.00884129788  27.9629752
0.00884163763  29.5647938
0.00884197738  31.335284
0.00884231713  33.2968699
0.00884265688  35.4750303
0.00884299663  37.8985316
0.00884333638  40.5995778
0.00884367613  43.6138212
0.00884396869  46.4900192
0.00884421407  49.1229921
0.00884445944  51.97442
0.00884470482  55.0611804
0.00884495019  58.3997111
0.00884519557  62.0066379
0.00884544094  65.8972139
0.00884568632  70.08594
0.00884599775  75.8501007
0.00884628088  81.5394095
0.008846564  87.6632711
0.00884684713  94.220447
0.00884713025  101.198526
0.00884748888  110.603412
0.0088479985  124.89645
0.0088493122  163.850794
0.00884978785  177.127064
0.0088501578  186.485303
0.0088504749  193.572505
0.008850792  199.602275
0.008851094  204.211447
0.008851396  207.594839
0.00885167082  209.533265
0.008852  210.363999
0.00885232616  209.561647
0.0088525738  207.885578
0.0088528758  204.642778
0.0088531929  199.909811
0.0088535251  193.636735
0.0088538422  186.563734
0.0088542952  174.993541
0.0088547482  162.214705
0.0088558958  128.136879
0.00885641675  113.359013
0.00885679425  103.322273
0.00885717175  93.9726157
0.00885745488  87.4488778
0.008857738  81.3577417
0.00885807775  74.6199318
0.0088584175  68.4923142
0.00885875725  62.948388
0.008859097  57.9527149
0.00885943675  53.4643647
0.008859701  50.2962956
0.008860003  46.9925177
0.008860305  43.9975809
0.008860607  41.2822804
0.008860909  38.8191214
0.008861211  36.5826012
0.008861513  34.5493457
0.008861815  32.6981352
0.00886215475  30.809398
0.00886253225  28.9233574
0.00886290975  27.2331459
0.00886328725  25.7137735
0.00886366475  24.3437549
0.00886404225  23.1046393
0.00886441975  21.9805811
0.00886479725  20.9579575
0.00886519363  19.9805446
0.00886560888  19.049979
0.00886602413  18.2036467
0.008866647  17.0709139
0.00886726988  16.0781637
0.00886789275  15.2031951
0.00886849675  14.4501489
0.008869063  13.8173568
0.008869818  13.0677525
0.008870573  12.4095477
0.008871328  11.8283902
0.008872083  11.3126643
0.008872838  10.8528793
0.008873593  10.441211
0.0088747255  9.90000064
0.008875858  9.43499191
0.0088769905  9.0324771
0.008878878  8.47230744
0.008880388  8.10294672
0.00888186025  7.79584621
0.0088833325  7.53135703
0.0088852955  7.23214116
0.0088872585  6.98155488
0.00888975  6.71788831
0.00889126  6.58193178
0.00889428  6.35262073
0.0088973  6.16759592
0.00890032  6.0159413
0.008904095  5.86202433
0.00890787  5.73807427
0.0089135325  5.59285142
0.008919195  5.48241576
0.008926745  5.37187763
0.00893505  5.28292225
0.00894864  5.1824559
0.00896676  5.09812347
0.00899394  5.02398267
0.00903018  4.96864075
0.0090936  4.91643091
0.00923856  4.85461563
0.0095831625  4.75123296
0.00958565625  4.76235456
0.0095874375  4.80285284
0.0095902875  4.91673467
0.00959124344  4.92969691
0.0095922825  4.91464511
0.00959539375  4.80129989
0.009597175  4.7698327
0.0096016875  4.7553744
0.0102885376  4.53905695
0.010696523  4.38341747
0.0110303293  4.22954139
0.0112958126  4.08216882
0.0115320147  3.92619349
0.0117252709  3.77408412
0.0118970542  3.61364496
0.01203625  3.45970338
0.0121294063  3.33855556
0.012176995  3.26080261
0.01219135  3.22581355
0.0121996  3.19223607
0.012204275  3.15546663
0.0122068188  3.1158225
0.01221005  3.03829004
0.0122107375  3.03210806
0.0122114594  3.03984974
0.0122120438  3.06044524
0.0122127313  3.10347485
0.0122135425  3.1791334
0.0122155638  3.41450714
0.0122162375  3.47573681
0.0122168013  3.51107647
0.01221775  3.53485588
0.0122184375  3.52745093
0.0122215189  3.40023569
0.0122229807  3.35350112
0.0122246049  3.32092377
0.0122274202  3.28882977
0.0122317514  3.26092597
0.0122412802  3.22578889
0.012261204  3.17992944
0.0123942758  2.93602527
0.0124794271  2.76089549
0.0125475481  2.6022531
0.0125986388  2.47002894
0.0126497296  2.32441349
0.0127008203  2.16322741
0.0127348808  2.04587336
0.0127689413  1.91961476
0.0128030018  1.783522
0.0128370623  1.63661322
0.0128711228  1.4779043
0.0129017772  1.3243077
0.0129273226  1.18812484
0.0129494619  1.06383565
0.0129767103  0.903640067
0.0130022557  0.746938809
0.0130610101  0.376387133
0.0130725056  0.306358058
0.0130810206  0.256295093
0.0130884714  0.214146862
0.0130937934  0.185349209
0.0130984767  0.161063774
0.0131027342  0.139968015
0.0131061403  0.123846027
0.0131095463  0.108459105
0.0131127396  0.09478116
0.0131152941  0.08441877
0.0131178486  0.074607206
0.0131202966  0.065755234
0.0131224254  0.05852422
0.013124022  0.053401741
0.0131256186  0.048549045
0.0131272152  0.043977702
0.0131286522  0.040114696
0.0131301424  0.036371863
0.0131312599  0.033748035
0.0131323776  0.031285996
0.0131334952  0.028991204
0.013134666  0.02677156
0.0131355176  0.025278805
0.0131363691  0.023891304
0.0131372206  0.022611236
0.0131380721  0.021441024
0.0131389236  0.020383145
0.0131397751  0.019440128
0.0131406266  0.018614563
0.0131413451  0.018011278
0.0131422232  0.017392529
0.0131431013  0.016907111
0.0131439794  0.016558256
0.0131448575  0.016349291
0.0131457356  0.016283615
0.0131465339  0.016351159
0.0131473322  0.016542612
0.0131481305  0.016860648
0.0131489288  0.017307988
0.0131497271  0.017887409
0.0131503392  0.01842291
0.013151031  0.019125239
0.0131517229  0.019932539
0.0131524147  0.020846477
0.0131531066  0.021869239
0.0131537984  0.023002479
0.0131544903  0.024248516
0.0131551821  0.025609029
0.0131558474  0.027027529
0.0131568053  0.02926342
0.0131577632  0.031733063
0.0131587212  0.034442865
0.0131596791  0.037398539
0.013160637  0.040606781
0.013161595  0.044074544
0.013162553  0.047808248
0.013163511  0.051814802
0.0131644689  0.056100838
0.0131654268  0.060674039
0.0131664912  0.066101625
0.0131676089  0.072204141
0.0131687264  0.078730846
0.0131698441  0.085697083
0.0131709617  0.093114467
0.0131720793  0.10099748
0.0131731969  0.1093605
0.013174687  0.121283576
0.0131761772  0.134125123
0.0131776673  0.147923591
0.0131789447  0.160546602
0.0131802219  0.17392815
0.0131819249  0.192997136
0.0131836279  0.213522191
0.0131850116  0.231316434
0.0131866082  0.25314948
0.0131882048  0.276439622
0.0131898014  0.301255472
0.013191398  0.327667829
0.0131929945  0.355748572
0.0131945911  0.385578419
0.0131961877  0.417236746
0.0131983165  0.462440077
0.0132004453  0.5112603
0.0132021483  0.553073118
0.0132040642  0.603210531
0.0132059801  0.656809144
0.013207896  0.714069312
0.013209812  0.775207649
0.0132117278  0.840441516
0.0132136438  0.910026763
0.0132155597  0.984211149
0.0132174756  1.0632738
0.0132193914  1.14750445
0.0132213073  1.23722622
0.0132234361  1.34376286
0.0132256713  1.46390374
0.0132279065  1.59313558
0.0132301418  1.7321354
0.013232377  1.88161786
0.0132346122  2.04237803
0.0132368474  2.21527302
0.0132390827  2.40124334
0.0132413179  2.6012865
0.0132435531  2.81651523
0.0132457883  3.04813402
0.0132480236  3.2974691
0.0132502588  3.5659345
0.013252494  3.85511179
0.0132547292  4.16672068
0.0132569645  4.50266144
0.0132591997  4.86497172
0.0132614349  5.25593681
0.0132636701  5.67805329
0.0132659054  6.13409013
0.0132681405  6.62701116
0.0132703757  7.16021912
0.0132726109  7.73737959
0.0132748462  8.36259653
0.0132770814  9.04032244
0.0132793166  9.77557684
0.0132815518  10.5738939
0.0132837871  11.4414537
0.0132860223  12.3849956
0.0132882575  13.4121304
0.0132904927  14.5312774
0.013292728  15.7518565
0.0132949632  17.0841737
0.0132971984  18.5398661
0.0132994336  20.1318153
0.0133016689  21.874418
0.0133039041  23.7834087
0.0133061393  25.876471
0.0133083745  28.1730739
0.0133106098  30.6947926
0.013312845  33.4649495
0.0133150802  36.5093475
0.0133173153  39.8556603
0.0133192313  42.9872428
0.0133211472  46.3823334
0.0133230631  50.0616383
0.013324979  54.0460368
0.0133268949  58.3561349
0.0133288108  63.0116424
0.0133307268  68.0313605
0.0133326426  73.4312118
0.0133345585  79.2248189
0.0133364744  85.418069
0.0133384754  92.3104399
0.0133406468  100.262648
0.0133435419  111.560476
0.0133527383  150.234552
0.0133561443  163.866083
0.0133586989  173.019043
0.0133612534  180.82901
0.0133629564  185.121425
0.0133652044  189.511481
0.0133673204  192.218299
0.0133702794  193.617568
0.0133726424  192.793099
0.0133750053  190.389879
0.0133775173  186.330448
0.0133803273  180.30187
0.0133831373  173.11424
0.0133959951  135.381729
0.0133997844  124.868525
0.0134029137  116.76344
0.013406043  109.227344
0.0134091723  102.26893
0.0134123016  95.8739611
0.0134154522  89.9761045
0.0134186454  84.5147344
0.0134218386  79.5318386
0.0134250317  74.985657
0.0134282249  70.8353577
0.013431418  67.0430654
0.0134355692  62.5911917
0.0134397203  58.6211971
0.0134438714  55.0661376
0.0134480225  51.8663618
0.0134521736  48.9822843
0.0134561119  46.503259
0.013461221  43.6125859
0.0134663301  41.0401185
0.0134714391  38.7409868
0.0134765482  36.677564
0.0134816573  34.8184144
0.0134867664  33.1370295
0.0134918754  31.6110264
0.0134969845  30.2213182
0.0135046481  28.3575416
0.0135123117  26.719231
0.0135199753  25.2701749
0.013527639  23.981161
0.0135353025  22.8285177
0.0135429662  21.7956579
0.0135506298  20.8619538
0.0135608479  19.7486467
0.0135710661  18.765277
0.0135812842  17.8913529
0.0135915024  17.1101388
0.0136017205  16.4082147
0.0136170477  15.4801268
0.013632375  14.6762076
0.0136477022  13.973664
0.0136630294  13.3548254
0.0136783566  12.8059094
0.0136987929  12.1640963
0.0137192292  11.60685
0.0137396655  11.1207643
0.0137601018  10.688324
0.0137873502  10.1859452
0.0138145986  9.75108757
0.0138435501  9.34936973
0.0138759076  8.95861789
0.0139099681  8.60136657
0.0139440286  8.28885565
0.0139951193  7.88642549
0.0140462101  7.54601619
0.0140973008  7.25329151
0.0141483916  6.99792377
0.0142165125  6.70281977
0.0142846335  6.44744563
0.0143697848  6.17098447
0.0144719663  5.88407125
0.014591178  5.59351338
0.0147444503  5.26699962
0.014931783  4.90966075
0.01540863  4.05632766
0.0155959628  3.69843818
0.0157322048  3.41654773
0.0158514165  3.14932647
0.015953598  2.90080564
0.0160557795  2.63074347
0.0161409308  2.38623425
0.0162090518  2.17667254
0.0162771728  1.95337844
0.0163282635  1.77672346
0.0163793543  1.59104902
0.016430445  1.39783769
0.0164900509  1.16229299
0.0166305505  0.584327101
0.0166603534  0.4644605
0.0166816412  0.381650834
0.0166976071  0.321732218
0.0167103798  0.275746611
0.0167199593  0.242561516
0.0167295389  0.210676559
0.0167375218  0.185228771
0.0167455047  0.160886824
0.0167521572  0.141566306
0.0167588096  0.123260262
0.0167641316  0.109380304
0.0167687818  0.09785409
0.0167737549  0.08618514
0.0167777334  0.077360418
0.0167817119  0.069042728
0.0167853293  0.061944025
0.0167888262  0.055519396
0.0167914489  0.050996809
0.0167940716  0.04673946
0.0167966942  0.04275851
0.0167990579  0.039416466
0.0168014214  0.036316336
0.016803785  0.03346756
0.0168061486  0.030883212
0.0168077243  0.029314072
0.0168093  0.027872035
0.0168108173  0.026606415
0.0168123345  0.025464326
0.0168138518  0.024448866
0.016815369  0.02356412
0.0168168863  0.022814619
0.0168184035  0.022205572
0.0168199208  0.02174217
0.016821438  0.021429741
0.0168236055  0.021255904
0.0168251499  0.021335885
0.0168266943  0.021593174
0.0168282386  0.022035349
0.0168297829  0.022670783
0.0168308125  0.023206278
0.016831842  0.023834547
0.0168329258  0.02459965
0.0168340095  0.025474822
0.0168350933  0.02646437
0.016836177  0.02757258
0.0168372608  0.02880448
0.0168383445  0.030165063
0.0168394283  0.03166024
0.016840512  0.033295887
0.0168415958  0.035079012
0.0168426795  0.03701661
0.0168437633  0.039117063
0.016844847  0.041388797
0.0168459308  0.043841941
0.0168470145  0.046486768
0.0168480983  0.049335654
0.016849182  0.052401284
0.0168506451  0.056910799
0.0168521082  0.061884382
0.0168535712  0.067370207
0.0168550343  0.073426306
0.0168564974  0.080120373
0.016857852  0.086957358
0.0168591525  0.094173096
0.016860453  0.102110161
0.0168617535  0.110866666
0.016863054  0.120561211
0.0168643004  0.130866292
0.0168654383  0.141273948
0.0168665762  0.152784065
0.0168677142  0.165573665
0.0168684728  0.174914276
0.0168692314  0.184994395
0.01686999  0.195902737
0.0168709654  0.211314568
0.0168719408  0.228534853
0.016872591  0.24117885
0.0168732413  0.254892643
0.0168738915  0.26981092
0.0168745418  0.28610215
0.016875192  0.303955859
0.0168757339  0.320197902
0.0168762758  0.337847294
0.0168768177  0.357091882
0.0168773595  0.378150404
0.0168779014  0.401297264
0.0168784433  0.426851291
0.0168789852  0.455207473
0.016879527  0.486850406
0.0168799605  0.514949875
0.016880394  0.54594673
0.0168808275  0.580332876
0.016881261  0.618726553
0.0168815862  0.650625203
0.0168819113  0.685619452
0.0168822364  0.724220988
0.0168825615  0.767044172
0.0168828867  0.814858815
0.0168831576  0.859154724
0.0168834015  0.90307424
0.0168836453  0.951376212
0.0168838892  1.00475225
0.016884133  1.06391856
0.0168843768  1.12978009
0.0168846207  1.20339477
0.0168848646  1.28592516
0.0168851084  1.37869963
0.0168853522  1.48331775
0.0168855148  1.5605494
0.0168857261  1.67093919
0.0168859212  1.78406417
0.0168861162  1.90913685
0.0168863113  2.04762993
0.0168865064  2.20094442
0.0168867015  2.37066114
0.0168868965  2.5583785
0.0168870916  2.76610446
0.0168872867  2.99567565
0.0168874818  3.24912449
0.0168876768  3.52842659
0.0168878394  3.78277081
0.016888002  4.05801593
0.0168881645  4.35530194
0.0168883271  4.67633432
0.0168884897  5.02227579
0.0168886522  5.39421292
0.0168888148  5.79389701
0.0168889773  6.22208312
0.0168891399  6.68048262
0.0168893025  7.16994372
0.0168894975  7.79929689
0.0168896709  8.39887593
0.0168898443  9.0369369
0.0168900177  9.71409945
0.0168902778  10.8038803
0.0168905379  11.9823923
0.016890798  13.2479688
0.0168910581  14.597077
0.0168913182  16.024147
0.0168917084  18.2936994
0.0168921636  21.0923005
0.0168932256  27.805705
0.0168937025  30.6365718
0.0168940059  32.2893463
0.0168943636  34.0347885
0.0168946779  35.3475567
0.016894964  36.3346259
0.016895237  37.0723537
0.0168954842  37.556299
0.0168957399  37.8643345
0.016896  37.97147
0.0168962601  37.8688
0.0168964682  37.6367054
0.0168967717  37.065306
0.0168970513  36.3052229
0.0168973439  35.286869
0.0168976691  33.9140943
0.0168980592  31.9816276
0.0168984927  29.548513
0.0168990454  26.1651216
0.0168999666  20.3429336
0.0169003242  18.1675862
0.0169006818  16.0973923
0.0169009853  14.4432384
0.0169012129  13.2726881
0.0169014405  12.166173
0.0169016681  11.1260884
0.0169018956  10.1541387
0.0169020907  9.37475177
0.0169022858  8.64501406
0.0169024809  7.96415773
0.0169026759  7.33135685
0.016902871  6.74450939
0.0169030661  6.20223724
0.0169032612  5.70261648
0.0169034562  5.24378837
0.0169036351  4.85661186
0.0169038139  4.50014002
0.0169039927  4.17237374
0.0169041715  3.87153416
0.0169043503  3.59585646
0.0169045292  3.34347162
0.016904708  3.11297146
0.0169048868  2.90257519
0.0169050656  2.710715
0.0169052444  2.53589572
0.0169053636  2.4281135
0.0169055641  2.26137841
0.0169057646  2.11136171
0.0169059651  1.97639737
0.0169061656  1.854951
0.0169063661  1.74561716
0.0169065666  1.64711495
0.0169067671  1.5582825
0.0169069676  1.47807045
0.0169071681  1.40553492
0.0169073686  1.33983001
0.0169075691  1.2802002
0.0169078699  1.20068322
0.0169081706  1.13140385
0.0169084713  1.07070271
0.016908707  1.02823416
0.016908978  0.984178002
0.0169092489  0.944565664
0.0169096553  0.892163067
0.0169100618  0.846763523
0.0169104681  0.807138677
0.0169108745  0.772278122
0.0169112809  0.741425159
0.0169118228  0.7054891
0.0169123647  0.674497279
0.0169129065  0.647608649
0.0169134349  0.624705924
0.0169139632  0.604601782
0.0169146677  0.581481774
0.0169153721  0.561923811
0.0169160766  0.545352619
0.016916781  0.5313204
0.0169178376  0.51424952
0.0169188943  0.501119381
0.0169199509  0.491211608
0.0169210076  0.48397389
0.0169220643  0.478980501
0.0169234731  0.475244249
0.0169248007  0.474282351
0.0169266702  0.47638873
0.0169285397  0.481826701
0.0169304091  0.490007368
0.0169329017  0.504458588
0.0169352318  0.52107504
0.016938483  0.54856865
0.0169417343  0.580519349
0.0169449855  0.616593791
0.0169482368  0.656754537
0.016951488  0.701421509
0.0169535442  0.732771032
0.0169556003  0.768398002
0.016956971  0.796479603
0.016958266  0.827908943
0.016961374  0.919595203
0.01696241  0.946789359
0.0169633036  0.963772389
0.0169641453  0.972621981
0.0169647993  0.974615588
0.0169658334  0.970778343
0.0169679532  0.955579458
0.0169685503  0.954213029
0.0169694388  0.956733488
0.0169703129  0.96466605
0.0169714784  0.982250758
0.0169731371  1.01565532
0.0169814302  1.20470041
0.0169864062  1.32466272
0.016991382  1.45295073
0.016996358  1.59033338
0.0170013339  1.73774455
0.0170062308  1.89352922
0.0170109698  2.05516127
0.0170157088  2.22823743
0.0170204477  2.41354064
0.0170251867  2.61191831
0.0170299256  2.82426172
0.0170346647  3.05155124
0.0170394036  3.29480746
0.0170441426  3.55516527
0.0170488815  3.83382094
0.0170536205  4.1320886
0.0170583595  4.45136836
0.0170630985  4.79317842
0.0170678374  5.15915123
0.0170725764  5.55107553
0.0170773153  5.97085251
0.0170820543  6.42057473
0.0170867933  6.90247926
0.0170915323  7.41899725
0.0170962712  7.9727493
0.0171010102  8.56661021
0.0171057491  9.20364364
0.0171104882  9.88723754
0.0171152271  10.6209588
0.0171199661  11.4087781
0.017124705  12.2549129
0.017129444  13.1639995
0.017134183  14.1409973
0.017138922  15.1912848
0.0171436609  16.3206446
0.0171483999  17.5353861
0.0171531388  18.8421984
0.0171578778  20.2483785
0.0171626168  21.7616604
0.0171673558  23.3903353
0.0171720947  25.1431899
0.0171768337  27.029649
0.0171815726  29.0594849
0.0171863117  31.2431416
0.0171910506  33.5911332
0.0171957896  36.1145871
0.0172005285  38.8245223
0.0172052675  41.7320336
0.0172100065  44.8461306
0.0172147455  48.1760865
0.0172194844  51.7367508
0.017225803  56.8529056
0.0172321216  62.3989731
0.0172381875  68.1296646
0.0172442534  74.2487508
0.0172503193  80.7318982
0.0172591653  90.7450811
0.0172836816  119.896518
0.017291264  128.356418
0.0172988463  135.999852
0.0173053166  141.636443
0.0173117868  146.278775
0.0173184593  149.878917
0.0173231098  151.635217
0.0173284175  152.870706
0.0173337251  153.298093
0.0173396015  152.870136
0.0173454778  151.574301
0.0173524283  149.058653
0.0173615271  144.456026
0.0173706259  138.766072
0.0174176365  104.874857
0.0174305265  96.4765762
0.0174400044  90.7901427
0.0174494823  85.5267338
0.0174589603  80.675729
0.0174684382  76.2169147
0.0174779162  72.1245934
0.0174873941  68.3709509
0.0175000313  63.8441018
0.0175126686  59.8046891
0.0175253058  56.1934929
0.0175366794  53.273757
0.0175556352  48.9786992
0.0175707999  45.9904897
0.0175859646  43.3343409
0.0176011293  40.9702599
0.017616294  38.85139
0.0176314587  36.949822
0.0176466234  35.2321756
0.0176617881  33.6788407
0.0176769528  32.2657281
0.0176996999  30.3768165
0.0177224469  28.7209964
0.017745194  27.259541
0.017767941  25.9623531
0.0177906881  24.8049172
0.0178134351  23.7665557
0.0178437645  22.5427005
0.017869039  21.6368277
0.0178993684  20.6618616
0.0179296978  19.8015096
0.0179600272  19.0280998
0.0180004664  18.1202649
0.0180409056  17.3266938
0.0180813448  16.6276219
0.018121784  16.0075011
0.0181824428  15.1989467
0.0182431016  14.5085528
0.0183037604  13.9125722
0.0183644192  13.3931354
0.0184452976  12.796781
0.018526176  12.2877216
0.0186070544  11.8484575
0.0187081524  11.3789962
0.0188168328  10.9494135
0.0189432053  10.5307028
0.0190374041  10.277144
0.0190566895  10.2507863
0.0190666626  10.2739678
0.0190708332  10.3274883
0.0190726464  10.3940732
0.0190738024  10.4861824
0.0190745731  10.594586
0.0190753437  10.768171
0.0190759557  10.9756592
0.0190764091  11.183524
0.0190768624  11.4492527
0.0190773157  11.7843397
0.0190777816  12.2131888
0.0190781404  12.6091628
0.0190784992  13.0673799
0.019078858  13.5912361
0.0190792168  14.1825431
0.0190796243  14.935551
0.0190801292  15.9821646
0.0190806341  17.137322
0.0190825547  21.8584291
0.0190830596  22.9371953
0.0190834556  23.6576154
0.0190838516  24.2385541
0.0190841882  24.6059977
0.0190845842  24.8747032
0.0190849612  24.9569185
0.0190853643  24.8538221
0.0190857524  24.5716471
0.0190860296  24.2657637
0.0190864256  23.6905946
0.0190868216  22.9725421
0.0190872374  22.0932528
0.019087772  20.8273683
0.019089257  17.0845133
0.0190897025  16.0401672
0.019090148  15.0782216
0.0190905935  14.2132054
0.019091039  13.4526614
0.0190913732  12.9517578
0.0190917073  12.5093691
0.0190920538  12.1094469
0.019092425  11.7430706
0.0190927963  11.4351038
0.0190931675  11.1793367
0.0190936625  10.9080381
0.0190941823  10.6939168
0.0190947268  10.5303987
0.0190955435  10.3688676
0.019096583  10.2544002
0.019098068  10.1779353
0.019100048  10.1346286
0.019107572  10.0780106
0.0191783335  9.90192789
0.019338671  9.58469543
0.019441287  9.43431541
0.019505422  9.39198697
0.019543903  9.42214951
0.019569557  9.50328548
0.019582384  9.58207797
0.019595211  9.70726145
0.0196048313  9.85080963
0.0196122068  10.0065369
0.01961846  10.1844738
0.0196247131  10.4247389
0.0196295233  10.6704525
0.0196343334  10.9922497
0.0196375401  11.2649133
0.0196407469  11.6004084
0.019643152  11.9051827
0.019645557  12.2681341
0.0196479621  12.7046697
0.0196503671  13.2355905
0.0196521309  13.7013371
0.0196538946  14.2484946
0.0196556583  14.8969844
0.0196569811  15.4652887
0.0196582237  16.0768401
0.0196594263  16.754315
0.0196606288  17.5324625
0.0196618314  18.4318411
0.0196630339  19.4779638
0.0196638355  20.2725627
0.0196646372  21.1584564
0.0196654389  22.1493198
0.0196662406  23.2613793
0.0196670423  24.5137647
0.019667844  25.9289977
0.0196686457  27.5334973
0.019669247  28.8794791
0.0196698482  30.3636037
0.0196704695  32.0599643
0.0196711309  34.0691944
0.0196717923  36.3130707
0.0196724537  38.8183292
0.0196731151  41.6121425
0.0196737764  44.7202509
0.0196743777  47.8392791
0.019674979  51.2516664
0.0196755803  54.9656179
0.0196761815  58.9808377
0.0196767828  63.2888479
0.0196777047  70.4052832
0.0196804144  93.095819
0.0196812321  99.562655
0.0196820498  105.321984
0.0196826912  109.136992
0.0196833325  112.179442
0.0196838136  113.883166
0.0196842946  115.047039
0.0196850257  115.727069
0.0196856094  115.307595
0.019686411  113.370593
0.0196870524  110.763764
0.0196876937  107.328586
0.0196884152  102.637117
0.0196891367  97.274772
0.0196920309  73.2852471
0.0196927765  67.3781191
0.0196935782  61.4348952
0.0196941795  57.3001234
0.0196947807  53.4610166
0.0196953819  49.9210202
0.0196959832  46.6749648
0.0196965845  43.7122855
0.0196971857  41.0177512
0.019697787  38.5720541
0.0196983883  36.3558777
0.0196989795  34.3812033
0.0196995507  32.6480475
0.0197001219  31.0703255
0.0197006931  29.6329783
0.0197014547  27.9110236
0.0197022163  26.384437
0.0197029779  25.0273404
0.0197037395  23.8173369
0.0197045011  22.7351595
0.0197052828  21.7400402
0.0197060845  20.8252969
0.0197068862  20.0038424
0.0197080887  18.9210335
0.0197092913  17.9885371
0.0197104938  17.1803201
0.0197116963  16.4754396
0.0197128988  15.8571614
0.0197145022  15.1444753
0.0197161056  14.5366341
0.0197177089  14.0141025
0.0197192321  13.5826973
0.0197215169  13.0318059
0.0197238017  12.5731689
0.0197260865  12.1871887
0.0197283713  11.8592574
0.0197314979  11.4847442
0.0197347047  11.1700097
0.0197379114  10.9093365
0.0197427215  10.5945486
0.0197480127  10.325586
0.0197533038  10.1145774
0.0197598777  9.90949575
0.0197690169  9.69588065
0.0197812025  9.49449055
0.0197940295  9.34482379
0.0198068565  9.23449478
0.0198325105  9.08141414
0.0198709915  8.9366617
0.0199351265  8.78567267
0.020044156  8.61640067
0.020249388  8.38681853
0.020557236  8.12192255
0.0209454319  7.85904584
0.0214053008  7.61279913
0.0219651411  7.37659725
0.0226049587  7.16379341
0.0234047306  6.95419427
0.0244444342  6.74167285
0.0256640863  6.54824687
0.0261783249  6.4969717
0.026298007  6.51169948
0.0263579919  6.54959412
0.02638624  6.59310568
0.026406482  6.65222541
0.026419046  6.71542219
0.026428818  6.79421783
0.026435798  6.88207403
0.026441731  6.99744739
0.0264453955  7.10359152
0.0264478385  7.20026865
0.0264506305  7.35415009
0.026452201  7.47494294
0.0264537715  7.64031355
0.0264549494  7.8155649
0.0264557783  7.98333358
0.0264564327  8.15513131
0.026457087  8.3758116
0.0264575233  8.55874994
0.0264579595  8.77781297
0.0264583958  9.04087211
0.026458832  9.35678666
0.026459181  9.65444865
0.02645953  9.99819543
0.026459879  10.3941382
0.026460228  10.8486806
0.026460577  11.3683866
0.026460926  11.9598106
0.026461275  12.6292874
0.026461624  13.3826836
0.0264620167  14.3370871
0.0264624093  15.4095428
0.0264628019  16.6036123
0.0264631945  17.9197113
0.0264635872  19.3551288
0.026464067  21.2596859
0.0264645905  23.5016429
0.0264664402  32.0289516
0.0264669637  34.3068691
0.0264674872  36.3648039
0.0264679933  38.0620842
0.0264684644  39.3189119
0.0264688134  40.0186805
0.0264691624  40.5034805
0.0264696929  40.8039973
0.0264700761  40.6841217
0.0264704746  40.2605221
0.0264707678  39.7596364
0.0264710819  39.0534485
0.0264714309  38.0764527
0.0264718846  36.534604
0.0264724081  34.435254
0.0264729316  32.0765421
0.0264746766  23.51692
0.0264752001  21.0584947
0.0264755491  19.5080949
0.0264759156  17.9727941
0.0264762995  16.4782059
0.0264765874  15.4386147
0.0264768753  14.4709227
0.0264771633  13.575558
0.0264774163  12.848716
0.0264777304  12.0227073
0.0264780445  11.2787691
0.0264783586  10.6133087
0.0264786727  10.0219987
0.0264789868  9.4999778
0.0264793009  9.04203616
0.026479615  8.6427813
0.0264798811  8.34642445
0.0264802083  8.02960907
0.0264805355  7.75978656
0.0264808627  7.53137897
0.0264812989  7.2823408
0.0264817352  7.08644798
0.0264821714  6.93397563
0.0264826077  6.81643106
0.026483262  6.69052562
0.0264839815  6.6023904
0.0264847649  6.54619469
0.0264867234  6.50065099
0.0264890736  6.51753015
0.0264921547  6.57724923
0.0264967499  6.70250681
0.0265005027  6.83321619
0.0265048682  7.02835692
0.0265077785  7.195642
0.0265106888  7.40631624
0.0265132163  7.63879989
0.0265149012  7.82867726
0.0265165861  8.055381
0.0265181944  8.31597594
0.0265197262  8.61625291
0.026520875  8.88409212
0.0265220238  9.19815171
0.0265231726  9.57020964
0.0265242831  9.99991752
0.0265250107  10.3280829
0.0265257383  10.7014247
0.0265264659  11.1289891
0.0265271935  11.622186
0.0265279211  12.1954847
0.0265284668  12.6889189
0.0265290125  13.2472112
0.0265295677  13.8935766
0.0265301421  14.6606779
0.0265307166  15.5466988
0.0265310995  16.2140678
0.0265314825  16.9517698
0.0265318654  17.7677008
0.0265322483  18.6710857
0.0265326312  19.6717061
0.0265330142  20.7803335
0.0265333971  22.0074494
0.0265337801  23.3652106
0.026534163  24.8646776
0.026534546  26.5184137
0.0265349289  28.3370234
0.0265353118  30.3316977
0.0265356564  32.2853906
0.0265361159  35.134612
0.0265365755  38.2724965
0.026537035  41.7019174
0.0265374945  45.4204549
0.026537954  49.416301
0.0265385859  55.3222672
0.0265392177  61.6176771
0.0265411707  81.8991595
0.02654186  88.5355212
0.0265423769  93.0217937
0.0265428096  96.3467506
0.0265433304  99.7209131
0.026543744  101.84381
0.0265442035  103.565359
0.0265446631  104.573482
0.0265450245  104.846964
0.0265454902  104.518158
0.0265459497  103.452124
0.0265464092  101.679312
0.02654693  98.8769895
0.0265474508  95.3237756
0.0265479678  91.1676731
0.0265484848  86.512055
0.0265492124  79.3710543
0.0265509931  61.0703875
0.0265516249  54.9155916
0.0265522185  49.4987627
0.0265527354  45.126429
0.0265532524  41.1029758
0.0265535971  38.6211005
0.0265539417  36.3010591
0.0265542863  34.1401575
0.0265546309  32.1346168
0.0265549947  30.1800801
0.0265553777  28.2947711
0.0265557606  26.5767439
0.0265561436  25.0141504
0.0265565265  23.5964144
0.0265569095  22.3112853
0.0265572924  21.1480844
0.0265576753  20.0954782
0.0265580582  19.1430087
0.0265584412  18.2806353
0.0265588241  17.4996799
0.0265593985  16.462221
0.026559973  15.5633668
0.0265605473  14.7819209
0.0265611217  14.0991213
0.0265616961  13.4997337
0.0265622706  12.9708464
0.026562845  12.5019892
0.0265636108  11.9550757
0.0265643767  11.4822219
0.0265651426  11.0702989
0.0265659085  10.7089192
0.0265670572  10.2441189
0.0265682061  9.85356425
0.0265693549  9.52184759
0.0265708866  9.15145419
0.0265724184  8.84522152
0.0265741033  8.56553205
0.0265759414  8.31322259
0.0265777795  8.103625
0.0265805366  7.84964704
0.0265835236  7.63473302
0.0265865105  7.46504227
0.0265909909  7.27014277
0.0265963137  7.10158463
0.0266001431  7.00912667
0.0266078018  6.87189907
0.0266231193  6.7070289
0.0266361392  6.62596428
0.026649159  6.57242197
0.026679794  6.49986249
0.0267257465  6.44870332
0.026832969  6.40097821
0.0272583299  6.33108263
0.0286947964  6.16826175
0.028751872  6.17954128
0.028770902  6.20526075
0.028779552  6.23778586
0.028788202  6.32374597
0.02879097  6.3864922
0.028793046  6.46790882
0.0287945165  6.56740314
0.0287953815  6.65829018
0.0287962465  6.79011014
0.0287968953  6.92896751
0.028797544  7.11632362
0.0287979506  7.26585107
0.0287983571  7.44589748
0.0287987637  7.66215122
0.0287991702  7.92071067
0.0287995768  8.22844708
0.0287999833  8.59237001
0.0288003899  9.020068
0.0288006948  9.38704992
0.0288010646  9.89017931
0.0288014668  10.5151678
0.028801869  11.2267164
0.0288022713  12.029457
0.0288026735  12.9257049
0.0288031146  14.0169599
0.0288034606  14.9505491
0.0288038066  15.9489884
0.0288043256  17.5568118
0.0288048446  19.2740565
0.0288064881  24.987428
0.0288070936  26.9662796
0.0288076126  28.4954924
0.0288081316  29.8088838
0.0288085209  30.6202981
0.0288088236  31.1342927
0.0288091662  31.5822957
0.0288096125  31.9398618
0.0288099917  32.0348435
0.0288104152  31.9111001
0.028810865  31.5182657
0.028811211  31.0404951
0.0288116608  30.2074735
0.0288121106  29.1595807
0.0288126296  27.7257443
0.0288131486  26.1049547
0.0288151208  19.2810602
0.0288156398  17.5570102
0.0288161588  15.9419199
0.0288165048  14.938559
0.0288168508  14.0001024
0.0288171968  13.1298484
0.028817612  12.1777853
0.0288180272  11.326305
0.0288184424  10.5729119
0.0288188576  9.91305777
0.0288192728  9.34065833
0.0288196232  8.92039976
0.0288199411  8.58473883
0.0288202589  8.28887628
0.0288206828  7.94983681
0.0288211066  7.66684307
0.0288215305  7.43192804
0.0288219543  7.23797546
0.0288223782  7.07836947
0.0288230183  6.8899576
0.028823667  6.74873775
0.028824532  6.61550761
0.028825397  6.52451381
0.0288268243  6.42854316
0.028828511  6.36064615
0.02883076  6.30526233
0.02883422  6.25498001
0.02884114  6.20516447
0.028855672  6.16724685
0.028897538  6.14203057
0.0313401428  5.83997938
0.032402866  5.67439927
0.0330577675  5.53896085
0.033514214  5.41305582
0.033871433  5.27889539
0.0341294245  5.14625678
0.034308034  5.02429961
0.0344469525  4.90179979
0.0345660255  4.76725587
0.034665253  4.62397215
0.034744635  4.47942891
0.0348041715  4.34639306
0.034863708  4.18439719
0.034903399  4.05479517
0.03494309  3.90261323
0.0349728583  3.76978455
0.0350026265  3.61686105
0.0350323948  3.43890662
0.0350522403  3.30318752
0.0350720858  3.15116017
0.0350919313  2.97923967
0.0351107845  2.79428307
0.0351241803  2.64792169
0.0351375759  2.48722061
0.0351509717  2.30989418
0.0351599022  2.18146757
0.0351688326  2.044062
0.0351777631  1.89695769
0.0351866936  1.73946268
0.0351956241  1.57097585
0.0352045545  1.39111248
0.0352115004  1.24335368
0.0352189425  1.07779347
0.0352276249  0.876539704
0.0352432532  0.504909635
0.0352475945  0.404733222
0.0352506953  0.335936615
0.0352529279  0.288466604
0.0352547884  0.250606727
0.0352562768  0.221656674
0.0352576412  0.19633269
0.0352588816  0.174454289
0.0352601219  0.153801381
0.0352610522  0.139198894
0.0352619204  0.126321775
0.0352627887  0.114225979
0.0352634399  0.105704467
0.035264091  0.097685484
0.0352648353  0.089169101
0.0352653935  0.083263098
0.0352659516  0.077792281
0.0352665098  0.072775405
0.0352670679  0.068235887
0.0352675796  0.064511697
0.0352680912  0.061225693
0.0352686029  0.058395456
0.0352691145  0.056041723
0.0352694556  0.054746898
0.0352699284  0.053328689
0.0352703238  0.05248985
0.0352707192  0.051978341
0.0352711145  0.051804915
0.0352715099  0.051980577
0.0352719362  0.052574308
0.0352723724  0.053631207
0.0352728084  0.055158153
0.0352732445  0.057173046
0.0352736805  0.059692575
0.0352741166  0.062736141
0.035274541  0.066218673
0.0352749597  0.07017543
0.0352753782  0.074665389
0.0352757968  0.079710108
0.0352762154  0.085327753
0.0352766185  0.0912974
0.0352769906  0.097311689
0.0352773627  0.103824848
0.0352777348  0.11085222
0.035278107  0.118411727
0.035278479  0.126513372
0.0352789752  0.138199036
0.0352794713  0.150924917
0.0352799674  0.164736362
0.0352804635  0.179678289
0.0352809287  0.194758243
0.0352813938  0.21091003
0.035281859  0.228182422
0.0352823241  0.246611496
0.0352827893  0.266250456
0.0352832544  0.287137963
0.0352838746  0.317024877
0.0352844947  0.349342988
0.0352851149  0.384231251
0.035285611  0.414075966
0.0352861691  0.449806778
0.0352867273  0.487932519
0.0352872854  0.528553697
0.0352878436  0.571804818
0.0352884017  0.617796369
0.03528896  0.666686256
0.0352897042  0.736578562
0.0352904484  0.812190076
0.0352911926  0.893894427
0.0352918128  0.966927051
0.035292464  1.04873146
0.0352931151  1.13606499
0.0352937664  1.22928889
0.0352944175  1.32868492
0.0352950687  1.43465723
0.0352957199  1.54757279
0.0352963711  1.66783669
0.0352970222  1.79585853
0.0352976734  1.93213373
0.0352983245  2.07710434
0.0352990688  2.25416306
0.035299813  2.44407394
0.0353005572  2.64773384
0.0353013014  2.86607736
0.0353020456  3.10010373
0.0353027898  3.35088074
0.035303534  3.6195489
0.0353042782  3.90732554
0.0353050225  4.21555182
0.0353057666  4.54548253
0.0353065418  4.9139601
0.0353073791  5.34235613
0.0353082164  5.80464612
0.0353090536  6.30330438
0.0353098908  6.84107876
0.035310728  7.42082312
0.0353115653  8.0456246
0.0353124025  8.71849263
0.0353132397  9.44279438
0.0353140769  10.2219449
0.0353149142  11.0595594
0.0353158134  12.0281877
0.0353167437  13.1102692
0.0353176739  14.2783737
0.0353186042  15.5374991
0.0353195344  16.8918379
0.0353204522  18.3254939
0.0353213453  19.8165402
0.0353222384  21.4045597
0.0353234291  23.674779
0.0353246198  26.11971
0.0353258849  28.9037651
0.0353271749  31.9279009
0.0353287874  35.9377685
0.0353345426  51.170614
0.035336031  54.9162764
0.0353375194  58.3779693
0.0353389284  61.3008141
0.0353402381  63.6410944
0.0353415083  65.5174865
0.0353427784  66.9760681
0.0353438947  67.9007992
0.035345011  68.4903213
0.0353464994  68.7697799
0.0353479878  68.507922
0.0353495259  67.7308474
0.0353511135  66.4713215
0.0353527012  64.8396507
0.0353550826  61.8970148
0.0353627231  51.1489534
0.035365055  48.0329446
0.0353675357  44.9429417
0.0353700164  42.1081752
0.0353724971  39.5304549
0.0353749778  37.1984942
0.0353774585  35.0943192
0.0353799392  33.1972447
0.0353824198  31.486173
0.0353849005  29.9405329
0.0353873812  28.5414665
0.0353898619  27.272056
0.0353935829  25.5792183
0.035397304  24.1028584
0.035401025  22.8081467
0.035404746  21.6663125
0.035408467  20.6538136
0.0354121881  19.7513168
0.0354159091  18.9429708
0.0354208705  17.989172
0.0354258318  17.1543383
0.0354307932  16.4185019
0.0354357546  15.7658682
0.035440716  15.1839544
0.0354476619  14.4683588
0.0354543598  13.8678253
0.0354610576  13.3400291
0.0354699881  12.729212
0.0354789185  12.2046153
0.035487849  11.7495483
0.0354967795  11.3513067
0.0355101752  10.839562
0.0355235709  10.4091752
0.0355369667  10.0423924
0.0355503623  9.72636349
0.0355682233  9.36764019
0.0355860842  9.06424004
0.035606922  8.76501094
0.0356277598  8.51251219
0.0356575281  8.2120605
0.0356872963  7.96578518
0.0357269873  7.69893259
0.0357666783  7.48349168
0.0358063693  7.30570634
0.0358510217  7.13962562
0.0359155195  6.94493101
0.0359949015  6.75763635
0.036094129  6.57747545
0.0361933565  6.43708209
0.0363521205  6.26528519
0.0365505755  6.1056776
0.036808567  5.95074758
0.037165786  5.78740613
0.037681769  5.60276855
0.0384949774  5.36235584
0.0389971519  5.24137489
0.0392777788  5.20694066
0.0393877148  5.22268067
0.03944328  5.26005561
0.03946902  5.30194891
0.03948618  5.35567111
0.03949788  5.42176824
0.03950412  5.47817467
0.03950919  5.54501793
0.03951309  5.61895371
0.0395166  5.71545263
0.03951894  5.80838078
0.0395205  5.89348657
0.0395217675  5.98596659
0.0395227425  6.07949911
0.0395237175  6.20229647
0.0395244488  6.32144426
0.03952518  6.47201017
0.0395259113  6.66357857
0.0395266425  6.90773024
0.03952713  7.10640465
0.0395276175  7.33897207
0.039528105  7.61014949
0.0395285925  7.92476255
0.03952908  8.28757074
0.0395295773  8.71196906
0.0395300745  9.19523208
0.0395305718  9.7407966
0.039531069  10.3504111
0.0395315663  11.0246483
0.039532122  11.8522438
0.039532707  12.801778
0.039533487  14.1721691
0.039535515  17.9579625
0.039536178  19.117739
0.039536763  20.0423302
0.039537348  20.8386865
0.0395379038  21.4477831
0.039538401  21.8514267
0.039538791  22.0656088
0.0395395008  22.2088444
0.0395400047  22.1114457
0.0395405148  21.8451731
0.039540975  21.4653479
0.039541365  21.0459089
0.03954195  20.2644167
0.039542418  19.5242014
0.039543003  18.4823563
0.039543588  17.3440666
0.039545655  13.0786376
0.03954624  11.9357548
0.039546825  10.8666922
0.0395472345  10.1708621
0.0395476635  9.49301248
0.0395480925  8.87008916
0.0395485215  8.30331265
0.0395489213  7.82560422
0.0395492918  7.42557307
0.0395496623  7.06526168
0.0395500328  6.74294135
0.0395504033  6.4565488
0.0395507738  6.20377509
0.0395511443  5.98214793
0.0395515148  5.78910599
0.0395519438  5.59789699
0.0395524313  5.41791647
0.0395529188  5.27228913
0.0395534063  5.15583204
0.0395538938  5.06382626
0.039554625  4.96260847
0.0395553563  4.89505561
0.0395560875  4.85172132
0.0395570625  4.81940136
0.0395590125  4.80208754
0.0395726915  4.89991994
0.0395837665  4.955293
0.0396025615  5.01115151
0.039634513  5.06181137
0.039818704  5.20134217
0.039878848  5.26183576
0.039938992  5.34805038
0.0399931216  5.46257672
0.040029208  5.57046196
0.0400562728  5.6763065
0.0400833376  5.81278594
0.0401013808  5.92713847
0.040119424  6.06654493
0.0401374672  6.2393485
0.0401555104  6.45608464
0.0401690428  6.65789711
0.0401825752  6.90577019
0.0401915968  7.10327167
0.0402006184  7.33318679
0.04020964  7.6024322
0.0402186616  7.9213403
0.0402254278  8.20128566
0.0402314422  8.48541985
0.0402389602  8.89707715
0.0402445987  9.25550329
0.0402502372  9.66546864
0.0402558757  10.1371282
0.0402615142  10.6831697
0.0402652732  11.0962468
0.0402690322  11.5551411
0.0402727912  12.0666102
0.0402765502  12.6386299
0.0402803092  13.2806444
0.0402840682  14.0038692
0.0402878272  14.8216567
0.0402906465  15.5065312
0.0402934657  16.261264
0.040296285  17.0947418
0.0402991042  18.0168412
0.0403019235  19.0388696
0.0403047427  20.1737598
0.040307562  21.4367845
0.0403103812  22.845088
0.0403132005  24.4174664
0.0403160197  26.1735756
0.040318839  28.134172
0.0403216582  30.3199608
0.0403244775  32.7506819
0.0403270336  35.1796
0.0403294582  37.6882387
0.0403318827  40.3958554
0.0403351155  44.2980903
0.0403383482  48.4784198
0.0403451144  57.5606031
0.0403481216  61.3460938
0.040350377  63.8887673
0.0403526324  66.0613416
0.0403548878  67.7647404
0.0403571432  68.9151533
0.0403586468  69.3443531
0.0403601804  69.4908106
0.0403618043  69.3218175
0.0403640597  68.5460676
0.0403663151  67.1826128
0.0403685705  65.3032094
0.0403708259  62.9996788
0.0403738331  59.4455489
0.0403840576  46.0788305
0.0403874407  41.9588902
0.0403899781  39.0938011
0.0403925154  36.4397606
0.0403950527  33.9998901
0.04039759  31.7693409
0.0403996575  30.0997424
0.0404017249  28.5556845
0.0404037924  27.1293785
0.0404068936  25.1934764
0.0404099947  23.477875
0.0404130959  21.956133
0.0404175127  20.0760681
0.0404208958  18.8311738
0.0404242789  17.7309048
0.040427662  16.7560876
0.0404310451  15.8900344
0.0404344282  15.1183764
0.0404378113  14.4288213
0.0404411944  13.8108663
0.0404449534  13.1973457
0.0404487124  12.6506914
0.0404524714  12.1620638
0.0404581099  11.5218639
0.0404637484  10.9749431
0.0404693869  10.5049704
0.0404787844  9.85860745
0.0404863024  9.4392603
0.0404938204  9.08823185
0.0405013384  8.79268514
0.0405111118  8.47589478
0.0405208852  8.21921997
0.0405306586  8.01008556
0.040540432  7.83987293
0.0405539644  7.65568734
0.0405765184  7.45026873
0.0405952968  7.35006295
0.0406245958  7.28849467
0.0406456371  7.2997537
0.0406666784  7.34825626
0.0406877197  7.43113093
0.040708761  7.54638194
0.0407298023  7.69350412
0.0407508436  7.87320704
0.0407718849  8.08727654
0.0407929262  8.33756348
0.0408139675  8.62880504
0.0408350088  8.96701294
0.0408560501  9.35773735
0.0408770914  9.80901233
0.0408981327  10.3308412
0.0409139137  10.775931
0.0409296947  11.2739407
0.0409454757  11.8325463
0.0409612566  12.4605201
0.0409770376  13.1687279
0.0409928186  13.9697145
0.0410085996  14.8790983
0.0410243805  15.9151349
0.0410349012  16.6872811
0.0410454218  17.533556
0.0410559425  18.462963
0.0410664631  19.4857871
0.0410769838  20.6138792
0.0410875044  21.8608265
0.04109671  23.0616503
0.0411059156  24.37453
0.0411151212  25.8109551
0.0411243267  27.3971304
0.0411335323  29.1451175
0.0411427379  31.0738398
0.0411519435  33.2053672
0.041161149  35.5643952
0.0411703546  38.1784706
0.0411795602  41.0778353
0.0411887658  44.2953135
0.04119567  46.9380865
0.0412025741  49.7944343
0.0412094783  52.8794534
0.0412163824  56.2073851
0.041225588  61.0443336
0.0412347935  66.3560684
0.0412442621  72.3253562
0.0412537307  78.791881
0.0412631993  85.696341
0.0412931831  108.741772
0.0413026517  115.431648
0.0413105422  120.31163
0.0413184327  124.29631
0.0413253763  126.880364
0.0413318466  128.394645
0.0413389479  128.982331
0.0413456812  128.466736
0.0413505207  127.46292
0.0413557811  125.802133
0.0413610414  123.591903
0.0413689319  119.376248
0.0413768224  114.289131
0.041387343  106.580461
0.0414149597  84.8844682
0.0414239023  78.2142965
0.0414331078  71.7582418
0.0414425764  65.6126531
0.0414496779  61.3473591
0.0414567793  57.3723916
0.0414638807  53.6805791
0.0414708506  50.3212612
0.0414777548  47.2376691
0.041484659  44.3819461
0.0414915632  41.7386096
0.0415030701  37.7633244
0.0415122757  34.9310007
0.0415214813  32.3726908
0.0415306869  30.0587884
0.0415398924  27.9625899
0.041547783  26.3208678
0.0415556734  24.8079986
0.0415635639  23.4121164
0.0415714544  22.1260492
0.041581975  20.5569935
0.0415924957  19.1325453
0.0416030163  17.8401277
0.041613537  16.6643412
0.0416240576  15.5917797
0.0416345783  14.6107674
0.0416450989  13.7111926
0.0416556196  12.8842198
0.0416661402  12.1221772
0.0416766609  11.4183374
0.0416871815  10.7668453
0.0416977022  10.1625512
0.0417082228  9.6009664
0.0417240038  8.83020578
0.0417397848  8.13535
0.041754878  7.53225846
0.0417685956  7.03450751
0.0417823133  6.57574237
0.0417962733  6.14732205
0.0418103545  5.75187038
0.0418244356  5.39119962
0.0418385168  5.06389222
0.041852598  4.76919489
0.0418666792  4.50703097
0.0418807603  4.27805762
0.0418948415  4.08374015
0.041904229  3.97455637
0.0419136164  3.88146457
0.0419230039  3.80755576
0.0419323913  3.75427641
0.0419402142  3.72639764
0.0419496016  3.71443649
0.0419589891  3.72806492
0.0419660297  3.75718331
0.0419730703  3.80356642
0.0419801109  3.86872873
0.0419871514  3.95443644
0.0419941921  4.06258897
0.0420012326  4.19529753
0.0420082732  4.35493644
0.0420153138  4.54415249
0.0420223544  4.76590356
0.042029395  5.02348945
0.0420364356  5.32058692
0.0420434761  5.6612815
0.0420505168  6.05013191
0.0420575573  6.49215064
0.042062251  6.81910069
0.0420669448  7.17394203
0.0420716385  7.55856206
0.0420763322  7.97498958
0.0420810259  8.42536755
0.0420857197  8.91197215
0.0420904134  9.43716975
0.0420951071  10.0034761
0.0420998008  10.6135102
0.0421063721  11.5462407
0.0421129433  12.5777548
0.0421195145  13.7156838
0.0421260857  14.9672889
0.0421326569  16.3421096
0.0421392282  17.8483324
0.0421457994  19.4918968
0.0421523706  21.2782205
0.0421589418  23.2110329
0.042165513  25.291599
0.0421719278  27.4633089
0.0421800636  30.407906
0.0421943012  36.0032957
0.042224341  48.5899812
0.0422326019  51.8497446
0.0422402996  54.6529616
0.042249249  57.5305993
0.04225751  59.7425013
0.0422637683  61.1012589
0.0422700266  62.1717289
0.0422762849  62.9491907
0.0422825432  63.437628
0.0422900531  63.6589382
0.0422985019  63.4703095
0.0423069506  62.8746864
0.0423172768  61.6882944
0.0423266642  60.2749018
0.0423407454  57.7492661
0.0423876826  48.2908009
0.0424064575  44.755579
0.0424252324  41.5332684
0.0424393136  39.3337106
0.0424533948  37.3221783
0.0424721697  34.8975503
0.0424909446  32.7456523
0.0425097195  30.8368035
0.0425284944  29.1402952
0.0425472693  27.6286353
0.0425660442  26.2772385
0.0425848191  25.0650758
0.042603594  23.9738146
0.0426223689  22.9879872
0.0426505312  21.6781536
0.0426786936  20.5390583
0.0427068559  19.5411963
0.0427350183  18.6610792
0.0427631806  17.8800643
0.0428007304  16.9671293
0.0428382802  16.1753038
0.04287583  15.4833762
0.0429133798  14.8748665
0.0429509296  14.3315292
0.043000996  13.6976103
0.0430510624  13.1470801
0.0431011288  12.6647331
0.0431511952  12.238798
0.0432137782  11.7745479
0.0432763612  11.3679879
0.0433514608  10.940802
0.0434265604  10.5750501
0.0435266932  10.155767
0.043626826  9.80196319
0.043751992  9.43300134
0.0438521248  9.18950488
0.0439772908  8.94682849
0.0440774532  8.81006539
0.0441797981  8.74919112
0.0442224376  8.76175401
0.044273605  8.82374776
0.0443162445  8.93374218
0.0443482242  9.06977703
0.0443802038  9.27330585
0.0444015235  9.46178427
0.0444228433  9.70861738
0.0444388331  9.9440736
0.0444548229  10.2357
0.0444708128  10.5997089
0.0444814726  10.8929686
0.0444915995  11.2167465
0.0445011934  11.5748867
0.0445107873  11.9924242
0.0445203812  12.4814611
0.0445299751  13.057711
0.0445371705  13.5590163
0.0445443659  14.1311221
0.0445515614  14.7869066
0.0445587567  15.5421251
0.0445659521  16.4162941
0.0445707491  17.0768878
0.044575546  17.8095789
0.044580343  18.624422
0.0445851399  19.5330867
0.0445899369  20.5493067
0.0445947338  21.6890201
0.0445995308  22.9705333
0.044603395  24.1200496
0.0446077922  25.5738387
0.0446121894  27.206701
0.0446165866  29.0462006
0.0446209838  31.1225143
0.0446239152  32.6553258
0.0446280459  35.0430588
0.0446320434  37.638939
0.0446360408  40.5525962
0.0446387058  42.6914811
0.0446413708  45.0021464
0.0446440358  47.4975109
0.0446467007  50.1903637
0.0446502985  54.1611882
0.0446538962  58.541688
0.0446574939  63.352238
0.0446610915  68.6010978
0.0446646892  74.2777783
0.0446695128  82.4867068
0.0446803858  102.231539
0.0446846498  109.56576
0.0446878478  114.498574
0.0446910457  118.709679
0.0446942437  122.000723
0.0446963757  123.600447
0.0446986355  124.728982
0.0447017056  125.283185
0.0447038376  124.997759
0.0447059696  124.176344
0.0447091676  122.001327
0.0447123655  118.821691
0.0447155635  114.816193
0.0447187614  110.18435
0.0447238782  101.964131
0.044732406  87.70867
0.0447370964  80.24862
0.0447417867  73.3232134
0.0447453045  68.533585
0.0447488223  64.1034029
0.0447524999  59.8512186
0.0447564974  55.6501474
0.0447604949  51.8587765
0.0447644923  48.4430867
0.0447684898  45.3675802
0.0447724872  42.5979534
0.0447764847  40.1016565
0.0447804822  37.8490083
0.0447844796  35.8133086
0.044788477  33.9709504
0.0447924745  32.3008997
0.0447962054  30.8801649
0.0448010024  29.2248166
0.0448057993  27.7389889
0.0448105963  26.4022134
0.0448153932  25.1964629
0.0448201902  24.1057436
0.0448273856  22.6558105
0.044834581  21.3954344
0.0448417764  20.2934447
0.0448489719  19.3246198
0.0448609642  17.9518851
0.044870558  17.029979
0.0448801519  16.2337553
0.0448897458  15.5411661
0.0448993397  14.9347498
0.0449089336  14.4010063
0.0449233245  13.7128596
0.0449377153  13.1305048
0.0449526391  12.617246
0.0449686289  12.1491231
0.0449846187  11.748855
0.0450006085  11.4033803
0.0450219283  11.0109541
0.045043248  10.6804048
0.0450752276  10.2728404
0.0451072073  9.9445409
0.0451391869  9.67550912
0.0451732985  9.43593832
0.045211674  9.21157782
0.0452756333  8.91419851
0.0453395925  8.68355326
0.0454248715  8.44374922
0.0455314703  8.21484071
0.0456593888  8.00561204
0.0458299468  7.79267076
0.0460431443  7.59054558
0.046320301  7.38962431
0.046661417  7.19840433
0.0471304515  6.99404496
0.047770044  6.77709235
0.048622834  6.54792765
0.051181204  5.9733804
0.05179968  5.80086524
0.05218314  5.65966119
0.0524504  5.52562789
0.05263632  5.3963594
0.05275252  5.28756628
0.05284548  5.17405725
0.0529152  5.06475974
0.05298492  4.92282477
0.0530314  4.80097351
0.053074975  4.65717814
0.0531054775  4.53274667
0.05313598  4.38051824
0.053156315  4.25856933
0.05317665  4.11505037
0.053196985  3.94353467
0.0532122363  3.79116191
0.053227197  3.61642327
0.053237074  3.48382483
0.053246951  3.33477211
0.053256828  3.16620876
0.053265543  2.99791445
0.053274258  2.80770807
0.053280068  2.66676217
0.053285878  2.51285919
0.053291688  2.34439565
0.053297498  2.15961898
0.0533018555  2.0092296
0.0533053415  1.88106468
0.0533094085  1.72223333
0.0533134755  1.55303847
0.0533175425  1.37343767
0.053320738  1.22534214
0.053324805  1.02916903
0.0533328664  0.629399094
0.0533349725  0.528613383
0.053336425  0.462115101
0.053337587  0.411486529
0.0533384585  0.375441004
0.05333933  0.341406572
0.0533400563  0.314848234
0.0533407825  0.290195568
0.0533413273  0.273114118
0.0533418719  0.257391279
0.0533424892  0.241381452
0.0533429976  0.229792594
0.053343506  0.219791215
0.0533438873  0.213420331
0.0533442685  0.208093302
0.0533447043  0.203371206
0.0533450311  0.200852507
0.0533453579  0.19926615
0.0533457393  0.198665296
0.0533460115  0.199107194
0.0533463747  0.200893067
0.0533467378  0.204124663
0.0533471009  0.20889356
0.053347464  0.215296527
0.0533477909  0.22254368
0.0533481177  0.231274629
0.0533484263  0.24095834
0.0533486987  0.250727601
0.0533489711  0.26169773
0.0533492434  0.273919587
0.0533495157  0.287454977
0.053349788  0.302364486
0.0533501149  0.322167958
0.0533504417  0.344150966
0.0533507685  0.368440088
0.0533510953  0.395162578
0.0533513858  0.421067908
0.0533516763  0.449100571
0.0533519668  0.4793639
0.0533522573  0.511965987
0.0533525478  0.54701987
0.0533528383  0.584643724
0.0533531288  0.624961049
0.0533534193  0.668100867
0.0533537461  0.720172846
0.0533540729  0.776188207
0.0533543997  0.836357511
0.0533547265  0.900901447
0.0533550897  0.978048768
0.0533554528  1.06119443
0.0533558159  1.15070839
0.053356179  1.24695749
0.0533565422  1.35035578
0.0533569053  1.46124898
0.0533572684  1.58008537
0.0533576315  1.70730418
0.0533580673  1.87170853
0.053358503  2.04963165
0.0533589388  2.24201824
0.0533593745  2.44967883
0.0533598103  2.67364211
0.053360246  2.91477021
0.0533606818  3.17416771
0.0533611175  3.45273385
0.0533616259  3.80347268
0.0533621343  4.18347497
0.0533626427  4.59442408
0.053363151  5.03790628
0.0533636594  5.51574578
0.0533641678  6.02945848
0.0533646762  6.58056812
0.0533651845  7.17037362
0.0533657655  7.89369546
0.0533663465  8.67101849
0.0533669275  9.5036227
0.0533675085  10.3923572
0.053368075  11.3132911
0.0533686415  12.2877127
0.0533697744  14.3930352
0.0533704716  15.7874237
0.0533715174  18.0061407
0.0533725632  20.353872
0.053376514  29.693997
0.053377676  32.3121901
0.0533787334  34.5267264
0.0533797908  36.5254635
0.0533807553  38.1206854
0.0533816268  39.3504002
0.0533824983  40.3632392
0.0533835441  41.2797279
0.0533842994  41.7362814
0.0533851709  42.0521336
0.0533860424  42.150355
0.0533869139  42.0442914
0.0533877854  41.7511681
0.0533889474  41.104422
0.0533901094  40.2135412
0.0533913876  39.016372
0.0533934792  36.7415874
0.0533977205  31.813097
0.0533998993  29.4503491
0.053402078  27.3098719
0.0534041115  25.5291556
0.053406145  23.9513795
0.0534081785  22.5593324
0.053410212  21.3319624
0.0534123908  20.1755624
0.0534145695  19.1599248
0.0534167483  18.2640003
0.053418927  17.4700438
0.0534211058  16.7630077
0.0534232845  16.1304486
0.0534261895  15.3850412
0.0534290945  14.7335209
0.0534319995  14.1600026
0.0534354855  13.55713
0.0534395525  12.9501185
0.0534436195  12.427005
0.0534476865  11.9717783
0.053452625  11.4929628
0.053458435  11.0129787
0.053464245  10.6044616
0.053470055  10.2527782
0.05347877  9.80859026
0.053487485  9.44152529
0.0534962  9.13325423
0.053504915  8.87095184
0.0535179875  8.54314876
0.05353106  8.27469642
0.0535463113  8.0177412
0.0535615625  7.80555952
0.0535818975  7.57415785
0.0536022325  7.38624528
0.053632735  7.16204745
0.05365307  7.04062791
0.05369374  6.84501051
0.05374022  6.67424571
0.0537867  6.5410185
0.05386223  6.37588013
0.053961  6.21855848
0.05408358  6.07565755
0.054251505  5.9310227
0.0544866  5.78001793
0.054788865  5.63301994
0.05502396  5.55089942
0.055191885  5.52483105
0.05529264  5.53873981
0.0553631685  5.57507083
0.05542698  5.64221597
0.055467282  5.71246511
0.055507584  5.81717499
0.0555378105  5.92985759
0.0555579615  6.02861963
0.0555781125  6.15313735
0.0555982635  6.31221663
0.0556133768  6.46176429
0.05562849  6.64562198
0.0556436033  6.8745513
0.0556536788  7.05944515
0.0556637543  7.27656246
0.0556729902  7.51122153
0.0556813864  7.76120318
0.0556897827  8.053781
0.0556981789  8.39887372
0.0557044761  8.69981854
0.0557107733  9.04444974
0.0557170705  9.44136628
0.0557233677  9.90131253
0.0557296649  10.4378168
0.055733863  10.8463095
0.0557395305  11.4748624
0.0557448831  12.165257
0.0557484515  12.6873344
0.0557520199  13.2666425
0.0557555883  13.9109944
0.0557591567  14.6296397
0.0557627251  15.4335936
0.0557666084  16.4203351
0.0557697571  17.3182584
0.0557729056  18.315447
0.0557760542  19.4240238
0.0557792028  20.6570354
0.0557823304  22.0186639
0.055785416  23.5090551
0.0557885016  25.1580052
0.0557915872  26.9759438
0.0557946729  28.9694633
0.0557977584  31.1383352
0.0558011169  33.6864056
0.0558130396  43.5555311
0.055816734  46.3828462
0.0558194208  48.1633501
0.0558219396  49.5333162
0.0558244585  50.5454429
0.0558262637  51.0197939
0.0558291604  51.3043018
0.0558310832  51.1578002
0.0558329219  50.7690879
0.0558353736  49.8900901
0.0558378925  48.5971309
0.0558404114  46.968693
0.0558430982  44.9421267
0.0558461208  42.4162201
0.0558551888  34.4033713
0.0558585473  31.6002585
0.0558619058  28.9928892
0.0558646346  27.0377067
0.0558677832  24.9702079
0.0558709318  23.1013411
0.0558740804  21.4211112
0.055877229  19.9156815
0.0558803775  18.5695155
0.0558835262  17.3665752
0.0558866748  16.2916128
0.0558898234  15.3302833
0.0558929719  14.4696222
0.0558961205  13.6979258
0.0558990592  13.0487293
0.0559028376  12.3022914
0.0559066159  11.6419988
0.0559103942  11.0558581
0.0559141725  10.5339856
0.0559179508  10.0680149
0.0559217291  9.65073205
0.0559255074  9.27592687
0.0559294956  8.92051359
0.0559336938  8.58525934
0.0559399909  8.14600062
0.0559462881  7.77039781
0.0559525853  7.44701644
0.0559588825  7.16679644
0.0559651797  6.92250664
0.0559735759  6.6427918
0.0559819722  6.40589334
0.0559903684  6.20359355
0.0560000241  6.00575241
0.0560109393  5.81721576
0.0560218544  5.65824626
0.056038227  5.46288238
0.0560558592  5.29581866
0.0560734913  5.16168242
0.0560970008  5.02003663
0.0561205103  4.90954758
0.0561440198  4.82252921
0.056179284  4.72765549
0.056203278  4.686475
0.0562314955  4.66711652
0.056252613  4.68185901
0.0562684512  4.7179585
0.0562842893  4.78659124
0.056294848  4.85867027
0.0563054068  4.96096586
0.0563133259  5.06465804
0.0563191332  5.15988962
0.0563254684  5.28722754
0.0563318037  5.44578157
0.0563365551  5.59058711
0.0563413065  5.7629439
0.0563465859  5.99447874
0.0563505455  6.20228662
0.056354505  6.4461142
0.0563584646  6.73374976
0.056362424  7.07502907
0.0563650637  7.33845377
0.0563677034  7.63583871
0.0563703431  7.972621
0.0563729828  8.35526351
0.0563756225  8.79147195
0.0563782622  9.29048162
0.056380242  9.71257393
0.0563822217  10.1817252
0.0563842015  10.704368
0.0563861812  11.2877791
0.056388161  11.9403863
0.0563901408  12.671659
0.0563921206  13.4923005
0.0563941003  14.4142162
0.0563960801  15.4506747
0.0563980599  16.6158657
0.0564000397  17.924707
0.0564020194  19.3920464
0.0564039991  21.0317924
0.0564058205  22.7023665
0.0564075628  24.4505923
0.0564093049  26.3453983
0.0564110471  28.3807149
0.05641337  31.2862908
0.0564198636  39.9177626
0.0564217642  42.2910543
0.0564233481  44.0932865
0.0564249318  45.6749051
0.0564265157  46.9831722
0.0564280995  47.972485
0.0564295566  48.5716568
0.0564315047  48.8801841
0.0564326926  48.7888315
0.056434118  48.4076867
0.0564355962  47.7181641
0.05643718  46.6801746
0.0564387638  45.3771575
0.0564409811  43.2057956
0.0564435152  40.3978139
0.0564495338  33.3977743
0.0564518567  30.8592467
0.0564541796  28.5004248
0.056456001  26.7915705
0.0564579807  25.0786027
0.0564599605  23.5134618
0.0564619403  22.0894709
0.0564639201  20.7973369
0.0564658998  19.6265915
0.0564678796  18.5662494
0.0564698594  17.6057334
0.0564718392  16.7349675
0.0564738189  15.94465
0.0564764585  15.001339
0.0564790982  14.1679185
0.0564817379  13.4289974
0.0564843776  12.7714782
0.0564870173  12.1843068
0.056489657  11.6581394
0.0564922967  11.1850395
0.0564962562  10.5603641
0.0565002157  10.0212369
0.0565041753  9.55270707
0.0565081348  9.14289749
0.0565120944  8.78224365
0.0565160539  8.46305544
0.0565202774  8.1612384
0.0565250288  7.86191798
0.056531364  7.51759092
0.0565376993  7.22407863
0.0565440345  6.97107835
0.0565519536  6.70035458
0.0565598727  6.47027753
0.0565704314  6.21275703
0.0565809902  5.99866731
0.0565915489  5.81787377
0.056607387  5.59364403
0.0566232252  5.41113136
0.0566401192  5.25007692
0.0566633484  5.06819393
0.0566854528  4.92569376
0.0567169219  4.75794375
0.0567514828  4.60516381
0.0567860437  4.47396024
0.0568321249  4.32026341
0.056912767  4.08307481
0.0571201324  3.5112969
0.0572122948  3.235738
0.0572814166  3.0100754
0.0573505384  2.76305517
0.0573966196  2.58416007
0.0574427008  2.39218198
0.057488782  2.18564434
0.0575348632  1.96316178
0.0575694241  1.78502822
0.057603985  1.59741832
0.0576385459  1.39995892
0.0576731068  1.19342304
0.0577652692  0.618644625
0.0577825497  0.513413126
0.0577973101  0.426690674
0.0578081104  0.365883632
0.0578171106  0.317598604
0.0578243109  0.280825819
0.057831511  0.245985448
0.0578372712  0.219690904
0.0578426713  0.196481446
0.0578477115  0.176242762
0.0578514916  0.162057069
0.0578552716  0.148788863
0.0578590517  0.13650143
0.0578628318  0.125265103
0.0578653519  0.118394712
0.057867872  0.112047608
0.057870392  0.106248247
0.0578729121  0.101022108
0.0578754321  0.096397577
0.0578779522  0.092404027
0.0578804722  0.089072563
0.0578823623  0.087027046
0.0578842524  0.085384848
0.0578861425  0.084159609
0.0578880325  0.08336541
0.0578905525  0.083002096
0.0578923526  0.083247455
0.0578941526  0.083928977
0.0578959527  0.085060887
0.0578977527  0.086657668
0.0578995528  0.088734568
0.0579013528  0.091306902
0.0579031529  0.094390986
0.0579049529  0.098003006
0.057906753  0.102160414
0.057908553  0.106880327
0.0579103531  0.112181401
0.0579121531  0.118081747
0.0579139532  0.124601307
0.0579157532  0.131759249
0.0579175533  0.139576888
0.0579193533  0.14807452
0.0579217834  0.160664948
0.0579242135  0.174591155
0.0579266436  0.189911362
0.0579290736  0.206685788
0.0579315036  0.224979053
0.0579341137  0.246397089
0.0579368138  0.270573471
0.0579395138  0.296903495
0.0579422139  0.325492911
0.057944914  0.356445556
0.0579476141  0.38986901
0.0579503141  0.425876199
0.0579530142  0.464593529
0.0579557143  0.506152624
0.0579584143  0.55069197
0.0579611143  0.598359207
0.0579638144  0.649308394
0.0579665145  0.703696564
0.0579692146  0.761689771
0.0579719146  0.823459564
0.0579746147  0.889192703
0.0579776748  0.968719839
0.057980915  1.05906552
0.057984155  1.15607779
0.0579873951  1.26015183
0.0579906352  1.37169305
0.0579938753  1.49113261
0.0579971153  1.6189215
0.0580003554  1.75554772
0.0580035955  1.90151366
0.0580068356  2.0573527
0.0580100756  2.22362119
0.0580138558  2.43158992
0.0580176359  2.65555183
0.058021416  2.89656026
0.058025196  3.15571542
0.0580289761  3.43419873
0.0580327562  3.73323235
0.0580365364  4.05411485
0.0580403164  4.39816988
0.0580440966  4.7668426
0.0580478767  5.16157158
0.0580518728  5.60889777
0.0580563009  6.14293504
0.058060729  6.71996444
0.0580651571  7.34262801
0.0580695852  8.01321783
0.0580740132  8.73400833
0.0580783334  9.4881002
0.0580826535  10.2947836
0.0580869736  11.1561791
0.0580912937  12.0740739
0.0580956138  13.0498972
0.0581002219  14.1557286
0.0581049741  15.3668742
0.0581113103  17.0924349
0.0581176465  18.939952
0.0581252786  21.3152784
0.0581339188  24.1733233
0.0581627196  34.1482106
0.0581711294  36.8513318
0.0581790784  39.1660483
0.0581850689  40.7122761
0.0581924419  42.3436686
0.0581990085  43.5221178
0.0582047687  44.3338093
0.0582105288  44.9373355
0.058216289  45.3380076
0.0582260812  45.5837661
0.0582347215  45.3950518
0.0582433617  44.8891828
0.058254306  43.897198
0.0582646743  42.6965801
0.0582802267  40.6135175
0.0583186757  35.1712972
0.0583355241  32.9640419
0.0583528046  30.8911227
0.058370085  29.0201412
0.0583873655  27.3432454
0.0584046459  25.8449042
0.0584219264  24.5068779
0.0584406469  23.2199049
0.0584600874  22.033054
0.0584795278  20.9803607
0.0585025684  19.8812293
0.058525609  18.9183841
0.0585486496  18.0701485
0.0585716902  17.3187466
0.0585947308  16.6495914
0.0586292917  15.774391
0.0586638526  15.0255723
0.0586984135  14.3787244
0.058756015  13.4782281
0.0588020962  12.8832814
0.0588481774  12.3727174
0.0588942586  11.9309628
0.0589403398  11.5452093
0.0590094616  11.050584
0.0590785834  10.6354209
0.0591477052  10.2820911
0.0592398676  9.88547823
0.05933203  9.55454532
0.059447233  9.21148188
0.059562436  8.92538932
0.0597121999  8.61940037
0.0599770113  8.20386031
0.06  8.17619324
0.06  9.165744
0.114927205  9.26187208
0.2  9.307654
0.3  9.071178
0.4  8.67971448
0.4  8.67962476
0.709875775  7.36529492
0.861992013  6.80973529
1  6.3762042
1.3  5.65856727
1.5  5.31283724
1.78046  4.95289635
1.8  4.89943466
1.9  4.70060857
2  4.53630435
2.2108  4.30398129
2.25  4.11077594
2.34502  3.86595685
2.5  3.42303439
2.75  3.1098984
2.77871  3.10345558
3  2.78575179
3.11145  2.73147113
3.2  2.62636394
3.34615  2.53733158
3.4  2.4603899
3.6  2.33137215
4  2.1148997
4.2  2.0319523
4.4  1.97233505
4.6  1.9529304
4.8  1.95685492
5  1.96947712
5.89679653  2.11091231
7  2.25847572
8  2.3398605
9  2.36605771
10  2.34744078
11  2.28861818
12  2.2039609
12.1043  2.20108336
15  1.89666345
16  1.80427524
17  1.69201889
18  1.6021294
19  1.52211543
20  1.452311
