94-Pu-241(n,total fission) ENDF/B-VII.1
1.0E-5,52913.2
1.31241E-5,46187.7
1.70876E-5,40477.5
2.2426E-5,35332.6
2.91987E-5,30964.2
3.83206E-5,27027.9
4.98935E-5,23686.1
6.54808E-5,20674.7
8.52562E-5,18118.3
1.11891E-4,15814.3
1.45682E-4,13858.0
1.91195E-4,12095.5
2.48937E-4,10598.7
3.26707E-4,9249.3
4.25373E-4,8103.77
5.58264E-4,7071.06
7.26861E-4,6194.46
9.53941E-4,5403.81
0.00124203,4731.92
0.00163006,4126.25
0.00212234,3611.62
0.00278538,3147.3
0.00362657,2752.99
0.00475955,2401.46
0.00619694,2098.12
0.00813293,1823.99
0.0105891,1593.92
0.0138972,1382.87
0.0180942,1204.45
0.0234661,1052.8
0.0253,1013.11
0.033204,884.704
0.0432317,781.042
0.0567377,697.057
0.0738726,640.321
0.0934784,615.967
0.0986399,614.967
0.12415,637.919
0.15073,707.704
0.171055,803.271
0.188234,933.227
0.206319,1131.41
0.241049,1595.48
0.254182,1662.68
0.265783,1596.6
0.27826,1402.88
0.305484,850.43
0.318754,637.981
0.331067,489.883
0.343379,380.543
0.355007,304.305
0.366978,245.843
0.381,195.71
0.395365,158.619
0.411781,128.176
0.430934,103.311
0.450087,85.9239
0.472659,71.5906
0.4966,61.0667
0.528697,51.6159
0.565529,44.6816
0.616608,38.9407
0.671047,35.2001
0.768663,31.6267
0.924848,29.2097
1.15912,28.0873
1.25674,28.0152
1.41293,28.0829
1.54568,27.6268
1.62377,26.2183
1.7126,22.6528
1.78777,19.465
1.84243,18.5038
1.85805,18.4642
1.94005,19.2953
2.25242,24.3238
2.82835,32.1934
3.15048,38.5078
3.38476,45.1137
3.58975,53.4356
3.76546,64.1233
3.8826,75.0159
3.97253,87.8915
4.03318,101.622
4.07418,115.942
4.11006,135.642
4.13411,156.514
4.15304,181.453
4.16881,212.58
4.18261,252.785
4.19444,302.031
4.20627,370.333
4.21889,469.47
4.23407,626.33
4.26344,969.513
4.27732,1073.77
4.28725,1098.38
4.30066,1059.06
4.31706,921.983
4.34673,611.567
4.36104,498.273
4.37557,418.924
4.39017,369.223
4.40842,336.735
4.43246,325.161
4.46076,339.356
4.48906,374.64
4.54466,470.034
4.56863,488.018
4.58816,473.227
4.60681,430.873
4.63344,335.789
4.66496,215.757
4.68327,160.153
4.69826,125.304
4.71157,101.862
4.72458,84.79
4.74084,69.87
4.7571,60.2727
4.77361,54.3764
4.79363,50.7688
4.81781,49.7469
4.84617,51.3162
4.90288,58.8591
5.0163,80.7973
5.16926,116.822
5.32938,163.795
5.49663,225.953
5.85958,386.282
5.96989,418.379
6.08376,429.634
6.20118,417.094
6.56058,316.955
6.63174,305.513
6.66733,304.402
6.71171,310.445
6.75609,330.904
6.78937,363.986
6.81711,411.208
6.84485,483.395
6.91399,730.008
6.93559,770.578
6.94402,774.102
6.96872,741.661
6.99752,641.561
7.04334,453.192
7.0717,364.731
7.10006,302.874
7.13111,257.492
7.16712,223.01
7.21213,195.158
7.26974,172.312
7.35796,150.558
7.47499,132.91
7.66583,116.25
7.80986,109.21
8.01815,105.341
8.15972,107.887
8.27769,116.481
8.34848,128.635
8.39803,145.117
8.43224,165.158
8.45583,187.129
8.47943,220.854
8.50007,265.527
8.52072,330.037
8.54431,431.534
8.58914,657.939
8.60991,723.445
8.62246,735.198
8.63916,714.252
8.65993,638.314
8.70948,384.248
8.73071,300.269
8.75018,245.23
8.77082,205.734
8.79442,177.133
8.81801,159.516
8.84633,146.736
8.89588,135.672
8.97538,131.038
9.08567,135.39
9.23884,151.95
9.39202,179.084
9.56847,224.141
9.59053,225.339
9.61994,216.528
9.64935,191.707
9.69714,136.614
9.71117,125.918
9.72894,119.856
9.73249,119.678
9.74907,122.92
9.77749,139.265
9.82486,171.693
9.87223,192.715
9.9376,205.145
9.96697,206.616
10.0522,200.953
10.1659,177.981
10.4288,108.953
10.5514,83.6738
10.6698,65.1034
10.7882,51.3432
10.9067,41.2538
11.0221,34.0286
11.1672,27.5769
11.3123,23.2047
11.4544,20.3677
11.5965,18.6233
11.7504,17.769
11.8097,17.7165
11.9587,18.3452
12.058,19.5105
12.1822,22.2266
12.2702,25.5123
12.3494,30.15
12.4132,35.8359
12.4675,42.9248
12.5186,52.6646
12.5633,65.0371
12.6016,79.9229
12.6399,100.229
12.6856,132.757
12.7677,200.734
12.806,218.883
12.8221,220.734
12.8494,215.241
12.8852,194.078
12.9762,118.881
13.0127,96.0895
13.0463,81.0112
13.085,69.5888
13.1173,64.1604
13.155,62.0956
13.1868,64.2647
13.2131,69.7854
13.2329,77.3301
13.2526,89.5267
13.269,105.072
13.285,127.347
13.3009,159.534
13.3153,199.687
13.3309,257.77
13.348,340.983
13.375,506.49
13.4051,697.25
13.4242,781.739
13.4435,812.981
13.4613,785.662
13.4813,698.797
13.5357,355.077
13.5545,259.113
13.569,201.886
13.5829,159.652
13.5968,127.914
13.6122,102.255
13.6291,82.7842
13.646,69.3637
13.6662,58.3943
13.6864,50.9311
13.7134,44.2399
13.7471,38.9392
13.7906,34.939
13.8507,32.3427
13.8951,31.7638
13.9563,32.2742
14.0481,35.4515
14.1246,40.4841
14.1992,48.2493
14.2586,57.4175
14.3126,69.324
14.363,85.2591
14.4062,104.786
14.4449,129.601
14.4764,157.785
14.5057,193.875
14.534,242.857
14.5597,305.343
14.5817,379.491
14.6033,477.906
14.6249,610.097
14.6483,800.18
14.6753,1084.19
14.7374,1846.03
14.759,2032.05
14.7835,2116.41
14.8058,2058.82
14.8281,1887.51
14.9057,987.583
14.9318,750.02
14.9534,599.514
14.975,485.219
15.0002,387.508
15.0272,313.122
15.0544,260.102
15.0869,215.03
15.1272,176.935
15.1714,148.975
15.2156,130.02
15.2715,114.272
15.3274,104.682
15.4114,98.1319
15.4393,97.6049
15.5276,100.758
15.616,111.489
15.7005,130.262
15.785,158.96
15.9222,217.349
15.9693,230.536
16.0069,233.951
16.0588,226.356
16.1365,193.86
16.2348,145.97
16.2755,131.44
16.3255,120.059
16.3756,116.733
16.4256,122.769
16.4673,136.704
16.5089,160.854
16.5564,202.185
16.6314,281.103
16.6682,305.701
16.6889,309.694
16.7196,300.222
16.7533,270.924
16.8511,148.292
16.8856,114.172
16.92,88.1862
16.9545,69.0507
16.9897,54.8092
17.0265,44.013
17.0663,35.5352
17.1091,28.9381
17.1543,23.9082
17.2025,20.0276
17.2554,17.0167
17.3128,14.8203
17.3817,13.3635
17.4276,13.0754
17.4812,13.5677
17.5168,14.5748
17.5524,16.4223
17.5821,18.9943
17.6058,22.1831
17.6273,26.5261
17.6459,32.0811
17.6626,39.3223
17.6775,48.3993
17.6906,59.321
17.7032,73.1782
17.7159,91.1904
17.7312,119.913
17.7468,157.879
17.7654,216.032
17.7934,324.822
17.8284,465.433
17.85,526.61
17.8708,549.697
17.8882,537.733
17.9107,484.146
17.9465,348.386
17.9768,232.526
17.9966,171.791
18.0141,130.437
18.031,100.658
18.0461,80.9829
18.0612,66.5968
18.0767,56.0956
18.0957,47.3719
18.1147,42.0003
18.1392,38.5995
18.1573,38.0051
18.1826,39.2019
18.2464,45.1738
18.2558,45.3857
18.2824,43.9019
18.3054,40.066
18.347,29.4023
18.3814,20.5769
18.4041,16.0425
18.4245,12.9915
18.4439,10.8815
18.4688,9.0548
18.496,7.79872
18.5341,6.73915
18.592,5.80454
18.6645,5.08453
18.7587,4.47029
18.9036,3.87374
19.0685,3.46777
19.2949,3.17079
19.5885,3.0533
19.8232,3.13068
20.0411,3.39604
20.1458,3.662
20.2289,4.01637
20.3011,4.53209
20.3613,5.26352
20.4064,6.18096
20.4395,7.24776
20.466,8.53506
20.4913,10.3714
20.5124,12.6141
20.5334,15.8167
20.5515,19.6008
20.5695,24.5948
20.5903,32.0703
20.6165,44.1742
20.6781,77.17
20.7036,86.3729
20.7248,89.2662
20.7503,86.2854
20.7766,76.9024
20.8458,41.9337
20.8702,32.091
20.8927,25.1451
20.9138,20.3593
20.9361,16.7179
20.9613,13.8627
20.9908,11.6591
21.0263,9.96358
21.0715,8.63119
21.1256,7.66451
21.1918,6.96469
21.2881,6.42064
21.4755,6.04719
21.6373,5.97761
21.7048,6.06417
21.7408,6.39309
21.7679,7.03181
21.7895,7.96281
21.8135,9.56747
21.8416,12.2694
21.8989,18.769
21.9264,20.7797
21.9489,21.2986
21.975,20.6293
22.028,16.9777
22.0634,14.6336
22.0987,13.1368
22.1341,12.4047
22.1732,12.1612
22.2554,12.5769
22.3376,13.6962
22.4335,15.9043
22.5019,18.3612
22.5704,22.0458
22.6218,26.1294
22.6663,31.1355
22.7074,37.5863
22.7485,46.5912
22.7896,59.0912
22.8306,75.8403
22.9019,113.262
22.9484,136.988
22.9921,150.964
23.0169,153.396
23.0607,147.519
23.1213,124.731
23.2004,91.9972
23.25,77.4292
23.2996,68.0433
23.3591,62.1772
23.4071,60.6989
23.483,63.0238
23.5628,70.456
23.6824,84.4143
23.7558,87.9219
23.807,88.5165
23.8518,91.6109
23.8912,100.502
23.92,113.027
23.9488,131.923
23.9938,173.033
24.0475,223.355
24.0756,237.654
24.0893,239.436
24.1181,230.785
24.1523,201.103
24.2266,110.773
24.2535,84.1847
24.2789,65.0449
24.3009,52.8988
24.3253,43.3926
24.3497,37.1233
24.3752,33.0478
24.4096,30.1971
24.451,29.0712
24.4739,29.004
24.552,29.3823
24.6323,28.4352
24.8573,21.0104
24.9382,19.4605
25.0455,18.7058
25.1746,19.3119
25.3037,21.2679
25.4185,24.1618
25.5269,28.1361
25.6332,33.6667
25.7321,40.9952
25.8239,50.7792
25.902,62.7245
25.9683,77.0689
26.0308,96.1387
26.0854,119.711
26.1323,147.59
26.1791,185.522
26.2279,238.973
26.2842,319.653
26.3697,455.108
26.4137,500.341
26.4431,509.831
26.4758,497.509
26.5204,445.831
26.6398,235.42
26.6828,175.164
26.7218,133.28
26.7597,102.76
26.7965,80.6385
26.8325,64.3775
26.8734,50.5327
26.9147,40.1512
26.9588,31.923
27.0028,25.7909
27.0484,21.0568
27.0956,17.469
27.135,15.2939
27.184,13.4633
27.2331,12.5297
27.2658,12.3894
27.3187,12.9644
27.3741,14.5573
27.4722,18.9982
27.5679,23.1373
27.6283,24.8388
27.8523,28.5603
27.9467,31.6278
28.0411,36.6446
28.136,44.3144
28.219,53.9514
28.3029,67.5264
28.3853,85.9598
28.4615,108.933
28.5439,141.513
28.6691,205.056
28.7878,263.782
28.859,284.402
28.9031,288.523
28.9625,283.473
29.0613,255.466
29.2121,203.43
29.29,186.374
29.3678,180.723
29.4618,182.645
29.5228,173.972
29.575,152.29
29.6848,86.2916
29.7227,68.5983
29.7551,57.4235
29.7945,48.0524
29.8406,41.3325
29.8932,36.8958
29.9458,34.2358
30.051,31.2783
30.1942,29.7489
30.2228,29.717
30.3403,30.6929
30.4152,32.5405
30.5043,36.7427
30.5755,42.7065
30.629,49.7393
30.6789,59.4781
30.7217,71.4929
30.7644,88.3363
30.8099,113.194
30.8578,148.242
30.9583,236.153
31.001,262.694
31.0381,271.53
31.0752,265.106
31.1151,243.289
31.2419,140.338
31.2901,109.991
31.3346,89.0232
31.3845,72.1101
31.4379,59.4681
31.4914,50.5893
31.5627,42.4393
31.6518,35.8095
31.7373,31.6293
31.8656,27.6478
31.9618,25.7634
32.1614,23.6109
32.3609,22.9577
32.5707,23.4702
32.7677,25.1432
32.9538,28.4419
33.0581,31.8267
33.1489,36.7008
33.285,47.4769
33.3377,49.5365
33.3885,47.9199
33.4466,42.219
33.5092,35.806
33.5482,34.086
33.5573,34.0618
33.5936,35.5395
33.6279,39.2681
33.6765,47.8226
33.7555,63.5959
33.7943,67.7136
33.8106,68.1442
33.8532,65.5661
33.9238,54.0395
33.9772,45.6005
34.012,41.908
34.0585,39.2678
34.1208,38.5926
34.2141,40.5151
34.4413,49.4622
34.7982,64.9049
34.8725,70.2484
34.9989,84.1664
35.0196,84.8606
35.0685,82.0235
35.1257,72.0969
35.2082,56.4483
35.2694,48.969
35.3615,41.8593
35.5648,29.8076
35.7044,23.1454
35.8277,18.5018
35.9454,15.1956
36.0346,13.6284
36.0868,13.3324
36.1542,13.7948
36.2301,14.4107
36.2733,13.8358
36.3143,12.3906
36.4129,7.58101
36.4515,6.21221
36.4827,5.45339
36.523,4.83315
36.5834,4.34998
36.664,4.05008
36.7849,3.91186
36.8713,4.01357
36.9792,4.41681
37.0656,5.008
37.1545,5.92534
37.2513,7.34969
37.356,9.44464
37.6379,16.3656
37.8581,20.1576
37.9133,22.0867
37.9594,25.1058
38.0043,29.9099
38.1115,46.059
38.1501,49.4933
38.1682,49.9189
38.2056,48.112
38.2454,42.8309
38.333,27.8446
38.3728,22.9159
38.41,19.9158
38.4565,17.8045
38.53,16.2904
38.6151,15.6442
38.6251,15.6392
38.7012,16.1667
38.7865,17.9157
38.8633,20.6147
38.9347,24.4761
38.9896,28.8481
39.0445,35.1905
39.0925,43.2612
39.1337,52.9117
39.1789,67.3319
39.2338,90.5152
39.3211,131.377
39.3623,143.763
39.393,146.689
39.4347,140.707
39.4806,122.959
39.5659,80.2641
39.603,66.4963
39.6263,60.8659
39.6555,57.6878
39.6613,57.6015
39.6902,60.0151
39.7161,66.2789
39.7481,79.2234
39.7907,103.687
39.8561,144.311
39.8923,158.632
39.9194,162.139
39.9507,157.742
39.99,141.438
40.0833,86.9732
40.1237,68.7883
40.1551,58.6737
40.1881,51.3514
40.2294,45.8684
40.2789,42.8892
40.3264,42.2981
40.3739,43.0738
40.469,47.0091
40.7119,60.2604
40.8281,62.7305
40.9338,60.947
41.0816,53.2443
41.3688,34.3448
41.5266,26.4065
41.6751,20.8721
41.8269,16.75
41.9887,13.6307
42.1273,11.7732
42.2593,10.6597
42.3584,10.3539
42.4305,10.5988
42.4891,11.3063
42.5477,12.7623
42.604,15.1554
42.6784,19.8054
42.7504,24.3684
42.791,25.7836
42.8135,25.9672
42.854,25.1018
42.9072,21.981
43.0186,13.2897
43.0643,10.5523
43.1066,8.70933
43.1418,7.63707
43.1812,6.91394
43.2065,6.74299
43.2318,6.85576
43.2572,7.32328
43.2825,8.22683
43.3104,9.80114
43.3414,12.291
43.4304,21.2821
43.4661,23.5238
43.4893,23.9574
43.5197,23.1927
43.5539,20.7893
43.6432,11.9295
43.6759,9.35894
43.7072,7.54316
43.7369,6.32611
43.7741,5.32734
43.8113,4.70424
43.8545,4.2451
43.9192,3.81457
44.0304,3.37205
44.1697,3.03688
44.3554,2.76658
44.634,2.58387
44.7268,2.57066
44.9301,2.62365
45.1334,2.8062
45.3231,3.13593
45.4858,3.60496
45.6213,4.20577
45.7314,4.92141
45.8322,5.86811
45.9186,7.04093
45.9838,8.28116
46.0516,10.0887
46.1067,12.1718
46.16,15.0289
46.2083,18.7165
46.2498,23.1304
46.2905,29.0046
46.3311,36.8432
46.3794,49.0781
46.4616,75.6281
46.5212,93.9347
46.5708,103.186
46.5998,104.786
46.6459,101.218
46.7001,89.447
46.8139,58.0305
46.8682,46.9693
46.9093,41.0314
46.9644,35.8942
47.0257,33.0551
47.0848,32.3246
47.181,33.5383
47.3185,35.3808
47.4143,36.1936
47.4634,37.9139
47.5203,42.0716
47.5828,49.9576
47.6438,61.5267
47.7086,78.6878
47.7753,102.644
47.8496,137.832
48.0223,234.311
48.0727,252.802
48.1232,260.381
48.1685,256.787
48.2404,233.508
48.4307,136.866
48.5095,105.624
48.5852,83.2989
48.6608,66.9539
48.7459,53.6862
48.8341,43.833
48.9413,35.3669
49.0516,29.2496
49.1808,24.2293
49.3131,20.666
49.4644,17.9274
49.5965,16.4307
49.71,15.7751
49.7795,15.7043
49.8838,16.2399
49.9706,17.5802
50.0358,19.4309
50.1064,22.6109
50.1846,27.7862
50.2938,36.229
50.3563,39.2817
50.3894,39.7002
50.4328,38.78
50.4884,35.4052
50.6504,20.8214
50.7123,16.5917
50.771,13.682
50.8394,11.3371
50.9045,9.82027
50.9914,8.46348
51.1,7.37835
51.252,6.44806
51.4475,5.75058
51.656,5.3401
51.8645,5.20802
52.0073,5.41297
52.1017,5.8679
52.2098,6.48572
52.2278,6.50177
52.2818,6.21358
52.3336,5.42589
52.4294,3.47108
52.4654,2.93337
52.5014,2.59828
52.5393,2.44287
52.5519,2.42593
52.6059,2.47247
52.7319,2.74886
52.8778,2.91229
53.2073,2.99261
53.7473,2.91343
53.9949,2.79696
54.0678,2.85114
54.1214,3.03228
54.1902,3.48962
54.2843,4.17722
54.3415,4.32025
54.4131,4.15078
54.5341,3.66813
54.5891,3.53902
54.7652,3.3868
54.9577,3.35824
55.4928,3.45465
55.6359,3.58853
55.7239,3.89473
55.8761,4.81674
55.9242,4.9117
56.0018,4.70913
56.1146,4.22087
56.2302,4.05779
56.4227,4.16593
56.7234,4.57962
56.8923,4.99682
57.1557,6.1163
57.2273,6.18232
57.2527,6.18154
57.3415,6.32612
57.4155,6.84059
57.4986,7.90878
57.5817,9.51692
57.6649,11.8104
57.9044,20.7197
57.969,23.8141
58.0279,28.2976
58.0887,35.1316
58.2309,54.2079
58.2917,59.7748
58.3621,62.7872
58.3884,63.0579
58.5099,60.7339
58.6481,56.9086
58.7448,56.0353
58.8795,58.2372
59.0143,64.5989
59.2255,79.8339
59.3256,83.4698
59.4034,80.8234
59.484,71.9853
59.6146,49.5186
59.6997,35.5258
59.7529,28.7394
59.8064,23.7544
59.8481,21.1434
59.8898,19.5804
59.9315,18.9966
59.9801,19.4984
60.0287,21.2996
60.0774,24.5804
60.1199,28.9914
60.1608,35.0628
60.2024,43.8655
60.2422,55.6548
60.2824,72.0279
60.3255,95.4929
60.3802,134.242
60.4768,209.696
60.5215,233.097
60.5608,240.616
60.6046,232.829
60.6601,202.873
60.7717,122.496
60.8236,93.0678
60.8702,73.2636
60.9182,57.9232
60.9746,44.4613
61.0333,33.891
61.0888,26.2943
61.1395,21.0355
61.1915,17.0968
61.2434,14.4109
61.2938,12.821
61.3294,12.2241
61.3667,12.018
61.4076,12.2512
61.462,13.2768
61.5164,15.1265
61.5799,18.4068
61.6432,23.0615
61.7065,29.3701
61.7765,38.6924
61.8493,51.4501
61.9325,70.1824
62.1459,128.158
62.2265,143.544
62.3014,149.32
62.3737,146.512
62.4822,130.618
62.7087,86.4821
62.8321,68.1161
62.9587,54.4314
63.0989,43.7789
63.2571,35.5195
63.4153,29.8191
63.5962,25.3038
63.8222,21.5896
64.0482,19.3774
64.1387,19.0022
64.2524,19.4827
64.4243,21.3919
64.4392,21.4168
64.5543,20.5166
64.6626,19.549
64.6962,19.4937
64.8043,20.1262
64.9125,21.7969
65.0259,24.8712
65.1086,28.4839
65.1845,33.5439
65.2448,39.5446
65.3034,48.0871
65.3576,59.6606
65.4042,73.5582
65.4541,93.7243
65.5084,122.379
65.6408,205.704
65.6904,227.283
65.7386,234.803
65.7814,228.732
65.8324,207.705
65.9806,116.791
66.0323,91.9837
66.0805,75.0515
66.1271,63.9562
66.1701,57.6347
66.2218,54.4873
66.2391,54.4822
66.276,56.3111
66.3224,62.4718
66.368,73.1778
66.4241,92.5178
66.5346,136.85
66.5845,148.006
66.6069,149.269
66.6545,143.354
66.703,126.825
66.8261,68.5638
66.871,51.4848
66.9103,40.074
66.9496,31.6727
66.9894,25.6133
67.0326,21.078
67.082,17.619
67.1359,15.1356
67.1898,13.4515
67.2706,11.776
67.3784,10.4056
67.4592,9.74546
67.6209,8.99899
67.7222,8.86576
67.7942,9.00442
67.8516,9.4046
67.9089,10.3771
67.9488,11.7078
67.9807,13.4054
68.0126,15.8831
68.0476,19.7346
68.0885,25.8871
68.1491,37.6691
68.2107,49.7092
68.2507,54.9531
68.2889,56.6617
68.3268,54.7858
68.3723,48.5395
68.4828,27.3662
68.5234,21.2787
68.5598,17.2559
68.5933,14.6353
68.6316,12.6402
68.6698,11.4073
68.7081,10.6788
68.7718,10.1494
68.7973,10.1096
68.8592,10.4197
68.9084,11.2489
68.9557,12.857
68.9951,15.079
69.0345,18.2815
69.0945,24.8695
69.1575,32.3186
69.2001,35.8692
69.2395,37.0003
69.2793,35.663
69.3247,31.4825
69.4288,18.2257
69.4646,14.5586
69.5021,11.7112
69.5395,9.79497
69.577,8.60901
69.6133,7.94252
69.6495,7.57477
69.7221,7.28842
69.8009,7.23695
70.1791,7.60177
70.6309,8.49131
70.9192,9.41111
71.1869,10.7546
71.3392,12.0486
71.4415,13.669
71.5394,16.304
71.714,21.7984
71.8564,25.7176
71.9349,29.4904
72.0237,36.149
72.1738,50.1845
72.2345,53.7186
72.2658,54.3047
72.3134,53.2263
72.3721,48.6579
72.4561,37.8006
72.5522,24.4493
72.6079,18.2434
72.6585,13.9453
72.7015,11.2292
72.747,9.13126
72.7976,7.52113
72.8482,6.45632
72.9115,5.63742
72.9874,5.12153
73.0784,4.88654
73.1164,4.86521
73.2302,4.97011
73.382,5.38644
73.4959,5.9434
73.5614,6.48906
73.6303,7.47777
73.6855,8.77502
73.7544,11.1177
73.8457,14.4146
73.8967,15.3095
73.9075,15.3458
73.9555,14.8042
74.0149,12.832
74.1041,9.15904
74.1545,7.67949
74.1948,6.96082
74.2485,6.53641
74.2807,6.48487
74.3773,6.75711
74.7185,8.6105
74.9524,10.3861
75.1093,12.1779
75.2075,13.838
75.3002,16.2077
75.362,18.6588
75.4161,21.9459
75.4579,25.774
75.4919,30.2179
75.5301,37.2937
75.5676,47.1319
75.6062,61.0908
75.6488,81.4672
75.7083,117.564
75.7855,165.465
75.8294,183.414
75.868,188.908
75.9061,183.639
75.9509,165.29
76.0359,111.727
76.0916,78.2313
76.131,59.5734
76.165,47.3111
76.1998,38.1006
76.2369,31.2904
76.274,26.7906
76.3203,23.3468
76.3729,21.2198
76.4409,19.9573
76.5213,19.5459
76.6604,20.299
76.7475,22.066
76.7997,24.4167
76.8406,27.5586
76.8815,32.3446
76.9265,39.8614
76.9961,55.3222
77.0643,70.1934
77.1147,76.3937
77.135,77.0904
77.1726,75.4789
77.229,67.1856
77.3418,44.3014
77.3944,36.5668
77.4395,32.1435
77.5016,28.5205
77.5956,25.7439
78.0373,18.159
78.2629,15.3038
78.4509,13.7309
78.6764,12.7447
78.8268,12.5645
79.0265,12.8544
79.2762,14.1075
79.426,15.507
79.5758,17.8373
79.6742,20.5313
79.7388,23.5545
79.7872,27.2171
79.8276,31.8832
79.868,38.8303
79.9062,48.3409
79.9429,60.9021
79.987,80.9045
80.0533,119.391
80.1275,162.134
80.1697,177.73
80.207,182.43
80.2456,177.322
80.294,158.35
80.4199,85.3588
80.4643,65.0327
80.4989,53.1703
80.5351,44.1588
80.5713,38.0388
80.6148,33.5086
80.6438,31.6889
80.7018,29.876
80.7482,29.5486
80.8177,30.3116
80.8873,32.5902
80.9453,36.2226
80.9936,41.2453
81.0419,49.1214
81.0806,58.3468
81.1192,70.957
81.1656,91.3906
81.2166,120.827
81.3512,214.282
81.3975,238.494
81.4546,252.846
81.469,253.408
81.5282,243.496
81.5998,212.49
81.7264,147.825
81.7953,121.252
81.8641,102.108
81.9467,86.3266
82.0431,73.9599
82.178,62.4513
82.339,53.4106
82.5001,47.6651
82.6377,45.3286
82.6653,45.2583
82.7547,46.6769
82.8064,49.4634
82.858,54.8809
82.901,62.3989
82.944,73.479
83.0013,94.1905
83.1085,140.879
83.1481,152.983
83.1928,158.031
83.237,152.236
83.2836,135.509
83.4124,68.2964
83.4517,51.8457
83.4884,40.1902
83.5213,32.5707
83.5543,27.2379
83.5872,23.6879
83.6267,21.1077
83.6794,19.4531
83.7585,18.8871
83.8903,19.8525
84.0678,21.7475
84.1144,21.8959
84.2276,21.0905
84.4252,17.6593
84.5242,16.8617
84.5367,16.8447
84.6116,17.1338
84.7115,18.4922
84.8224,21.3055
84.9057,24.6596
84.9795,29.2688
85.0371,34.8112
85.0832,41.2161
85.1359,51.5346
85.1904,66.1952
85.2703,94.1787
85.3734,131.317
85.4446,148.748
85.5399,158.692
85.5737,159.375
85.666,154.209
85.7515,138.292
85.933,87.4474
86.0017,73.1393
86.0842,61.3427
86.1805,52.2118
86.318,43.239
86.4372,38.0433
86.5176,36.6294
86.5658,37.4908
86.614,40.7816
86.6533,46.3027
86.6881,54.1911
86.7229,65.5875
86.7635,83.8419
86.8157,114.568
86.912,176.926
86.9622,198.253
87.0038,203.906
87.0524,195.384
87.1032,172.459
87.2184,104.82
87.2691,81.8954
87.3092,68.7402
87.3516,59.2144
87.4045,52.1355
87.4669,48.4366
87.5171,47.8388
87.5774,49.1262
87.6678,54.5086
87.8619,72.9328
87.9202,75.0444
87.9824,72.549
88.0494,64.272
88.1945,38.3841
88.2493,30.7235
88.298,25.957
88.3345,23.5918
88.3873,21.6943
88.44,21.1356
88.5192,21.8593
88.647,25.0009
89.065,39.2478
89.1987,41.2349
89.2145,41.2539
89.3172,40.1217
89.4516,35.6646
89.7676,20.675
89.8927,16.1448
89.9941,13.5799
90.0731,12.3755
90.1258,12.05
90.1784,12.2224
90.2347,13.1418
90.2769,14.4895
90.3261,16.9679
90.3754,20.5885
90.4325,26.2705
90.5869,44.7254
90.648,49.136
90.6851,49.9718
90.7316,48.8836
90.7935,44.2462
90.9654,24.836
91.0331,18.9007
91.0921,15.0816
91.1502,12.342
91.2179,10.0806
91.2856,8.52693
91.363,7.38777
91.4334,6.83241
91.5414,6.58242
91.6618,6.33866
91.7887,5.53904
91.9188,4.69583
92.0164,4.31136
92.119,4.10287
92.2216,4.05753
92.4053,4.1775
92.495,3.99616
92.6787,3.0452
92.7556,2.79856
92.8616,2.70342
92.8821,2.70282
93.0054,2.71911
93.2293,2.69743
93.3061,2.75055
93.3574,2.8977
93.4059,3.21644
93.4403,3.61021
93.4808,4.31841
93.5232,5.40418
93.5704,7.03478
93.7045,12.612
93.7611,14.1018
93.8086,14.473
93.8577,14.0258
93.9386,12.1074
94.0361,9.57588
94.105,8.36047
94.1807,7.61087
94.2816,7.23019
94.3366,7.19399
94.5017,7.49267
94.6667,8.31008
94.8043,9.5436
94.9143,11.1556
95.0106,13.3175
95.1069,16.4627
95.338,26.5234
95.4172,28.4576
95.4568,28.6512
95.536,27.391
95.7231,20.2144
95.7825,18.8817
95.8221,18.6751
95.8881,19.5628
96.0379,23.5819
96.0937,23.9918
96.172,23.1302
96.2956,21.0286
96.3832,20.5879
96.4767,20.6228
96.581,19.8215
96.6997,17.2431
96.8004,14.8395
96.8867,13.6453
96.9316,13.4779
96.9945,13.7744
97.0693,14.885
97.1468,16.877
97.2409,20.4558
97.4451,30.5239
97.538,33.4226
97.746,35.6216
97.8105,38.472
97.8676,43.5456
97.9229,51.7347
97.969,61.8315
98.0213,77.8136
98.0768,100.755
98.158,144.275
98.2505,195.947
98.3007,215.404
98.3563,223.003
98.4034,215.905
98.4535,195.763
98.5371,144.495
98.6192,92.4512
98.67,66.5086
98.7103,50.3963
98.7491,38.4714
98.7857,30.0291
98.8201,24.1168
98.8532,19.9018
98.8863,16.8176
98.9277,14.1645
98.9675,12.5505
99.0138,11.5114
99.0659,11.1613
99.1238,11.5936
99.1818,12.8201
99.2397,14.8815
99.3034,18.2564
99.3642,22.7397
99.4331,29.4592
99.5328,41.838
99.6532,57.2351
99.7339,63.8839
99.7922,65.4522
99.8617,63.5825
99.9544,56.4074
100.115,41.0553
100.218,33.9234
100.321,29.528
100.445,26.8053
100.735,23.7021
100.88,20.7261
101.035,16.9378
101.101,16.2135
101.11,16.2074
101.161,16.7493
101.215,18.6373
101.264,21.7364
101.333,28.0023
101.424,36.9011
101.481,40.3078
101.514,40.8424
101.563,39.5813
101.632,34.4031
101.737,24.6203
101.785,21.3477
101.833,19.232
101.882,18.2375
101.914,18.0687
101.995,18.7406
102.191,22.0107
102.336,23.1417
102.354,23.1511
102.493,22.2369
102.65,19.554
102.954,13.208
103.062,11.5315
103.14,10.8057
103.179,10.705
103.238,11.0804
103.277,11.8194
103.32,13.224
103.367,15.5511
103.438,20.3444
103.517,25.8542
103.568,28.0186
103.596,28.3597
103.641,27.5062
103.69,24.6737
103.765,18.0573
103.838,11.4253
103.876,8.55377
103.91,6.58108
103.943,5.05132
103.975,3.93992
104.007,3.13259
104.04,2.56
104.071,2.17135
104.111,1.83107
104.159,1.5736
104.224,1.36462
104.321,1.176
104.459,1.01125
104.597,0.910142
104.749,0.847871
104.929,0.823846
105.166,0.855969
105.402,0.947656
105.703,1.14027
105.989,1.40484
106.292,1.78971
106.547,2.23139
106.782,2.78816
106.977,3.43293
107.12,4.08896
107.247,4.90414
107.357,5.92958
107.438,7.08404
107.505,8.54052
107.56,10.2556
107.61,12.49
107.66,15.5219
107.722,20.4712
107.849,32.3432
107.91,35.9472
107.948,36.5729
108.0,34.9834
108.056,30.4641
108.191,15.2853
108.234,11.4091
108.27,8.96326
108.303,7.38873
108.336,6.37093
108.364,5.88329
108.392,5.69449
108.432,5.84456
108.472,6.38319
108.523,7.50352
108.588,9.52808
108.654,12.3908
108.721,16.1527
108.802,21.9914
108.998,39.2784
109.06,43.0944
109.129,44.7566
109.193,43.5492
109.266,39.4274
109.451,24.8727
109.524,20.5742
109.593,17.7521
109.676,15.5783
110.035,9.13388
110.128,7.97443
110.18,7.57056
110.285,7.20774
110.457,6.92252
110.57,6.31773
110.72,4.93938
110.881,3.36258
110.984,2.56627
111.07,2.05841
111.164,1.6553
111.262,1.36
111.368,1.14942
111.452,1.03742
111.536,0.961839
111.667,0.895951
111.798,0.873351
112.023,0.896194
112.295,0.984266
112.491,1.09196
112.59,1.19887
112.653,1.33718
112.699,1.51617
112.737,1.75502
112.775,2.1198
112.81,2.60013
112.844,3.27068
112.881,4.23451
112.921,5.65399
112.969,7.83021
113.059,12.896
113.13,16.6665
113.184,18.4212
113.22,18.8398
113.261,18.543
113.327,16.5956
113.476,10.0566
113.535,8.09427
113.587,6.8655
113.65,5.91782
113.716,5.35413
113.787,5.0386
113.91,4.86425
113.937,4.86182
114.099,5.01724
114.288,5.5287
114.425,6.23752
114.523,7.10796
114.616,8.38252
114.779,11.2769
114.859,12.0532
114.879,12.0804
114.946,11.6329
115.031,10.1235
115.112,8.54534
115.168,7.81718
115.229,7.56273
115.29,7.86805
115.377,8.97716
115.511,10.8431
115.6,11.2954
115.7,10.8186
115.872,9.32108
115.956,9.07297
116.053,9.35118
116.158,10.2023
116.298,12.065
116.407,14.1879
116.517,17.1566
116.613,20.8289
116.696,25.1884
116.785,31.7035
116.881,41.3065
117.084,66.3451
117.15,71.7731
117.206,73.4243
117.273,71.0834
117.352,62.6718
117.555,30.4602
117.621,22.0533
117.676,16.5979
117.725,12.8141
117.775,9.93734
117.825,7.73955
117.873,6.20761
117.92,5.10485
117.978,4.12966
118.035,3.46342
118.094,3.01247
118.159,2.69807
118.237,2.50891
118.302,2.4672
118.379,2.52527
118.457,2.6895
118.553,3.05715
118.65,3.65511
118.755,4.62153
118.854,5.65298
118.933,6.21692
118.971,6.29677
119.038,6.05385
119.111,5.28229
119.238,3.52422
119.288,3.00424
119.345,2.64495
119.402,2.509
119.42,2.50614
119.491,2.62923
119.592,3.03049
119.727,3.78097
119.837,4.65596
119.93,5.74409
120.027,7.32169
120.252,11.7466
120.356,13.002
120.465,13.4223
120.681,13.1889
120.912,13.696
121.13,15.1435
121.283,16.896
121.407,19.3532
121.495,22.1202
121.58,26.1044
121.667,32.0597
121.745,39.6989
121.828,50.5993
121.924,67.3427
122.096,102.066
122.182,113.175
122.242,114.859
122.315,109.074
122.398,93.8507
122.566,55.6328
122.64,42.5734
122.707,33.8824
122.76,28.9756
122.808,25.9408
122.856,24.0913
122.907,23.3605
122.959,23.9352
123.01,25.8401
123.07,30.0028
123.142,37.3895
123.252,49.9181
123.307,53.7307
123.344,54.387
123.398,52.1194
123.456,45.847
123.599,24.0984
123.646,18.4682
123.686,14.9237
123.721,12.8067
123.754,11.4688
123.804,10.4009
123.866,10.0284
123.878,10.0218
123.973,10.1471
124.066,10.0444
124.199,9.22787
124.574,5.53777
124.727,4.39639
124.851,3.75185
124.955,3.40171
125.092,3.18416
125.137,3.17089
125.255,3.27009
125.373,3.55825
125.547,4.28532
126.097,6.86502
126.157,6.95824
126.237,6.73517
126.323,6.08103
126.474,4.6591
126.558,4.11784
126.641,3.86146
126.689,3.83375
126.786,4.00378
126.907,4.5553
127.047,5.56773
127.196,7.05369
127.375,9.41284
127.618,13.4946
128.017,20.3617
128.096,22.8225
128.153,26.0967
128.206,30.9933
128.257,37.8762
128.324,50.2574
128.44,74.9177
128.5,83.4209
128.544,85.6076
128.597,82.8077
128.65,74.6282
128.755,50.6052
128.824,35.145
128.875,26.3394
128.921,20.4086
128.961,16.5714
129.002,13.8651
129.046,11.8365
129.09,10.5297
129.134,9.71943
129.193,9.15051
129.267,8.97649
129.356,9.3293
129.44,10.1876
129.52,11.5515
129.602,13.6733
129.687,16.8341
129.78,21.615
129.945,31.6587
130.026,34.914
130.085,35.6398
130.184,33.9394
130.266,32.3916
130.319,33.5896
130.361,37.0236
130.401,43.0965
130.438,51.5712
130.483,65.6385
130.543,90.8268
130.654,143.233
130.708,160.905
130.764,168.092
130.766,168.093
130.811,163.443
130.867,146.76
130.958,104.208
131.035,68.1723
131.084,49.5457
131.127,36.9162
131.166,28.2173
131.201,22.3428
131.238,17.8412
131.277,14.4075
131.316,12.0301
131.362,10.1828
131.414,8.87062
131.472,8.02057
131.531,7.5731
131.635,7.35589
131.765,7.70086
131.929,8.77
132.102,10.5414
132.285,13.1754
132.46,16.6477
132.659,21.9229
132.905,29.3436
133.03,31.5177
133.076,31.7004
133.23,30.8078
133.303,31.7727
133.35,34.1183
133.397,38.4171
133.455,46.7825
133.606,75.5732
133.664,82.1667
133.698,83.2216
133.747,80.6058
133.803,72.5356
133.957,39.553
134.009,30.9021
134.053,25.5265
134.098,21.8003
134.144,19.6119
134.199,18.4617
134.235,18.298
134.326,18.9965
134.514,21.5528
134.702,22.9787
134.772,23.0687
134.985,22.0114
135.293,18.2319
135.728,12.2415
135.963,9.63743
136.113,8.44992
136.187,8.22902
136.262,8.55999
136.325,9.486
136.386,11.0766
136.557,17.2548
136.618,18.4012
136.64,18.4901
136.693,17.9313
136.75,16.2657
136.92,8.93115
136.98,6.95104
137.033,5.69632
137.09,4.81483
137.139,4.32713
137.204,3.94797
137.286,3.7537
137.319,3.73971
137.41,3.87914
137.486,4.22638
137.561,4.87535
137.624,5.75932
137.674,6.79182
137.731,8.4353
137.782,10.5262
137.835,13.425
137.889,17.355
137.952,23.2937
138.028,32.4169
138.173,51.4528
138.244,58.2934
138.318,61.5837
138.335,61.6736
138.41,59.2854
138.513,50.6
138.676,34.047
138.766,27.0189
138.848,22.4586
138.923,19.4889
139.024,16.8729
139.124,15.3149
139.225,14.4995
139.325,14.2837
139.431,14.7016
139.536,15.9906
139.619,18.0245
139.683,20.6367
139.746,24.7627
139.803,30.4016
139.859,38.3904
139.919,49.8963
140.005,71.5234
140.103,96.8519
140.163,107.199
140.212,110.267
140.266,106.954
140.331,94.5324
140.434,63.9672
140.51,42.0032
140.56,30.4322
140.602,22.9811
140.64,17.6989
140.671,14.4854
140.702,12.0352
140.74,9.84611
140.775,8.52283
140.809,7.65852
140.852,7.05586
140.894,6.80217
140.922,6.77233
141.006,7.13685
141.096,8.05399
141.189,9.49189
141.281,11.5292
141.368,14.2125
141.442,17.4515
141.507,21.4106
141.562,26.0827
141.618,32.4973
141.673,41.3831
141.727,53.2232
141.781,69.0212
141.843,92.5363
141.925,131.672
142.042,189.969
142.106,211.604
142.162,218.599
142.217,212.932
142.277,193.531
142.371,146.584
142.471,93.2447
142.53,67.7437
142.58,50.5382
142.623,38.9958
142.664,30.5126
142.707,23.6736
142.746,19.0318
142.792,14.8471
142.838,11.777
142.884,9.50169
142.938,7.54936
142.995,6.05145
143.06,4.82659
143.125,3.94634
143.196,3.25783
143.272,2.73788
143.349,2.38773
143.425,2.16494
143.51,2.03402
143.579,2.00212
143.688,2.06835
143.819,2.32188
143.936,2.70945
144.053,3.27471
144.166,4.04742
144.271,5.03218
144.373,6.35411
144.467,8.01836
144.557,10.1995
144.659,13.4754
144.905,23.1409
144.999,25.2856
145.048,25.5955
145.12,24.9594
145.239,21.8409
145.365,18.2279
145.435,17.2077
145.47,17.1393
145.531,17.912
145.592,20.0787
145.642,23.1189
145.695,27.9021
145.747,34.6201
145.804,44.3901
145.871,59.3053
146.03,99.6941
146.091,110.489
146.158,114.623
146.213,111.165
146.277,100.033
146.463,52.3899
146.521,40.5207
146.569,33.0647
146.62,27.21
146.672,23.2646
146.729,20.561
146.806,18.6138
146.982,16.8856
147.189,14.7719
147.48,11.1664
147.622,9.91561
147.793,9.07864
147.901,8.92792
148.018,9.10763
148.163,9.91235
148.279,11.2128
148.366,12.8201
148.447,15.1045
148.528,18.5404
148.608,23.4412
148.794,37.6465
148.847,40.2352
148.895,41.0794
148.96,39.4409
149.031,34.354
149.178,19.8936
149.232,15.9451
149.275,13.8204
149.309,12.8655
149.353,12.4858
149.398,13.0111
149.443,14.2937
149.503,16.9519
149.581,21.7411
149.684,29.8115
149.93,52.7938
150.016,58.3134
150.087,59.8651
150.154,58.2809
150.232,52.7063
150.333,41.1279
150.453,26.2744
150.515,20.376
150.564,17.1705
150.601,15.8009
150.639,15.3709
150.682,16.0572
150.722,17.7793
150.777,21.5997
150.867,30.2627
150.976,40.9366
151.06,46.4047
151.144,48.0975
151.218,46.606
151.34,40.3423
151.513,30.1301
151.636,24.906
151.741,22.0739
151.874,20.308
151.972,19.9864
152.266,20.7894
152.418,20.0024
152.617,16.9978
152.738,15.1561
152.84,14.4252
152.851,14.4183
152.909,14.6806
152.982,15.9031
153.037,17.6834
153.1,21.01
153.155,25.236
153.215,31.7107
153.281,41.3098
153.353,54.9777
153.547,97.6392
153.611,107.409
153.683,111.565
153.749,108.487
153.833,96.3348
154.045,51.9847
154.122,39.1894
154.189,30.7464
154.252,24.6962
154.319,19.9321
154.39,16.2062
154.474,13.1195
154.557,10.9608
154.657,9.2176
154.758,8.19389
154.849,7.88637
154.922,8.20139
154.979,8.93331
155.036,10.2412
155.087,12.0521
155.152,15.2604
155.229,20.3934
155.353,29.3848
155.424,32.825
155.478,33.6875
155.545,32.2953
155.617,28.1548
155.787,14.4961
155.847,10.6669
155.893,8.37523
155.936,6.84199
155.969,5.97261
156.003,5.39221
156.032,5.10285
156.067,4.97375
156.113,5.10705
156.176,5.67339
156.294,6.95164
156.361,7.26691
156.372,7.27128
156.428,7.08156
156.509,6.30411
156.656,4.46644
156.727,3.85254
156.797,3.53632
156.849,3.48111
156.927,3.64367
157.024,4.14073
157.191,5.15677
157.274,5.37077
157.355,5.21203
157.439,4.66069
157.57,3.3156
157.675,2.25999
157.736,1.77463
157.793,1.43123
157.837,1.25278
157.88,1.14078
157.921,1.09412
157.933,1.0908
157.979,1.12139
158.025,1.22263
158.072,1.39817
158.124,1.6952
158.174,2.10522
158.222,2.63089
158.269,3.30972
158.315,4.20336
158.36,5.3619
158.404,6.86449
158.451,8.98788
158.498,11.8055
158.545,15.4849
158.598,20.7603
158.654,27.8697
158.741,41.6295
158.868,62.4622
158.944,70.3811
158.997,72.2776
159.053,70.6564
159.125,63.852
159.287,42.6819
159.343,37.5065
159.416,33.5219
159.542,30.9197
159.632,28.743
159.748,23.6501
159.868,18.0341
159.942,15.5951
160.016,14.3307
160.066,14.1796
160.132,14.8854
160.198,16.7307
160.264,19.8549
160.33,24.315
160.455,35.4491
160.542,42.8227
160.62,46.6894
160.658,47.1516
160.718,45.7887
160.789,41.1806
160.997,21.0581
161.063,15.9784
161.119,12.6804
161.177,10.1926
161.229,8.61935
161.274,7.66929
161.328,6.95657
161.377,6.64902
161.407,6.5908
161.491,6.85569
161.707,8.53875
161.804,8.7815
162.01,8.48743
162.141,8.74426
162.318,9.90064
162.628,12.3912
162.79,12.9679
162.813,12.9773
162.931,12.7269
163.119,11.4912
163.378,9.35861
163.514,8.64467
163.604,8.4675
163.701,8.61442
163.803,9.23966
163.906,10.4803
164.009,12.5113
164.114,15.595
164.232,20.3492
164.457,30.9189
164.548,33.9075
164.638,35.0892
164.741,34.0428
164.868,30.0252
165.069,22.3176
165.192,19.0434
165.301,17.242
165.513,14.5589
165.678,11.3654
165.804,8.86989
165.889,7.72693
165.981,7.13096
166.187,6.6507
166.288,5.98161
166.493,4.14353
166.582,3.61965
166.653,3.44892
166.667,3.44667
166.723,3.5673
166.78,3.9354
166.837,4.61655
166.899,5.71436
167.008,8.29598
167.098,10.3259
167.172,11.3071
167.211,11.4645
167.296,11.0603
167.44,9.491
167.51,9.063
167.58,8.98053
167.686,9.07975
167.778,8.795
167.907,7.56501
167.97,6.97534
168.022,6.7619
168.07,6.92837
168.115,7.49662
168.155,8.40573
168.2,9.90051
168.255,12.5559
168.316,16.5188
168.4,23.4805
168.534,35.8706
168.609,40.6999
168.678,42.3144
168.741,40.9301
168.815,36.1868
169.002,18.8152
169.065,14.1251
169.114,11.4406
169.163,9.56974
169.212,8.44546
169.259,7.97961
169.282,7.93514
169.328,8.1667
169.398,9.15376
169.513,11.7953
169.632,14.5764
169.728,15.957
169.783,16.1915
169.865,15.748
169.98,13.9105
170.214,8.96774
170.326,7.16231
170.428,5.96865
170.553,4.9606
170.688,4.27511
170.817,3.92002
170.916,3.83939
171.023,3.97495
171.273,4.75409
171.317,4.79098
171.408,4.64644
171.631,3.70796
171.721,3.50002
171.805,3.46338
171.89,3.54016
172.099,3.99891
172.257,4.56808
172.395,5.35435
172.506,6.37761
172.617,7.91819
172.842,11.8098
172.927,12.5795
172.965,12.6548
173.053,12.1814
173.257,9.74013
173.338,9.32576
173.349,9.32001
173.413,9.57042
173.486,10.5391
173.546,12.0626
173.595,14.0648
173.645,17.0465
173.69,20.9191
173.735,26.2977
173.78,33.597
173.828,44.07
173.882,59.0416
173.95,83.3963
174.107,145.999
174.175,164.588
174.244,171.654
174.316,165.41
174.407,143.186
174.512,114.189
174.577,102.021
174.638,97.6155
174.647,97.5739
174.698,100.153
174.768,110.166
174.906,135.954
174.986,142.071
175.05,138.347
175.125,124.866
175.296,82.5577
175.373,68.3866
175.432,61.2106
175.51,55.8574
175.613,53.16
175.984,51.4464
176.242,46.7186
176.542,39.1145
176.676,37.0908
176.728,36.9176
176.883,38.5741
176.986,40.0695
177.038,40.1323
177.127,38.2373
177.216,33.655
177.413,19.5564
177.491,15.2392
177.547,12.9624
177.617,11.0252
177.694,9.723
177.943,7.07298
178.164,4.1831
178.233,3.4985
178.291,3.11142
178.336,2.97891
178.35,2.97002
178.398,3.08019
178.446,3.43013
178.491,4.01167
178.538,4.89201
178.593,6.25489
178.673,8.83757
178.821,13.9306
178.905,15.9569
178.989,16.7827
178.999,16.7957
179.074,16.3827
179.212,14.0882
179.361,11.3618
179.457,10.2192
179.548,9.74267
179.593,9.73827
179.673,10.0817
179.833,11.7011
179.985,13.1938
180.073,13.4817
180.168,13.1643
180.316,11.7148
180.561,8.84169
180.736,7.41566
180.912,6.51234
181.122,5.88812
181.332,5.61452
181.416,5.59085
181.651,5.81351
181.835,6.40851
181.946,7.0795
182.054,8.18054
182.124,9.31597
182.194,11.0562
182.256,13.4005
182.309,16.4207
182.358,20.2848
182.406,25.5486
182.46,33.415
182.52,44.8314
182.6,64.4683
182.732,100.149
182.795,112.896
182.862,119.409
182.878,119.718
182.939,116.358
183.013,104.425
183.182,66.277
183.249,54.8589
183.32,46.8864
183.375,43.1744
183.618,34.0743
183.741,26.8558
183.904,16.3567
183.988,11.9981
184.058,9.26299
184.118,7.4968
184.178,6.18831
184.245,5.16711
184.307,4.57147
184.382,4.22656
184.407,4.18993
184.492,4.30735
184.705,5.19981
184.751,5.25749
184.82,5.1508
184.919,4.64804
185.104,3.38782
185.21,2.88292
185.304,2.60983
185.431,2.41915
185.641,2.30747
185.711,2.29756
185.999,2.33074
186.371,2.49605
186.539,2.62972
186.655,2.79818
186.752,3.08728
186.817,3.44412
186.881,4.02384
186.942,4.86171
187.004,6.03513
187.084,8.07112
187.236,12.3047
187.317,13.7244
187.372,14.0297
187.449,13.5424
187.562,11.5354
187.696,8.97945
187.785,7.8924
187.865,7.3828
187.953,7.22611
188.069,7.44029
188.195,8.07516
188.322,9.21667
188.414,10.6089
188.49,12.4124
188.566,15.0854
188.638,18.5953
188.749,25.6671
188.868,33.2932
188.946,36.3731
189.0,37.0229
189.092,35.4302
189.237,30.4953
189.288,29.8764
189.355,30.9361
189.411,33.6859
189.493,40.2675
189.651,55.3597
189.741,60.5363
189.81,61.5967
189.936,58.5819
190.107,52.8069
190.306,50.7391
190.503,49.4188
190.769,43.9777
191.148,34.8837
191.343,31.9817
191.549,30.5552
191.626,30.4541
191.819,31.2628
192.012,33.8037
192.197,38.3675
192.382,45.6794
192.785,67.9487
192.913,70.8094
193.017,68.6046
193.119,62.1504
193.274,46.6938
193.431,30.2046
193.522,22.5914
193.594,17.9607
193.672,14.2722
193.743,11.8906
193.812,10.3682
193.882,9.43463
193.937,9.01888
194.036,8.82696
194.136,9.16252
194.285,10.3753
194.445,12.4596
194.6,15.2818
194.746,18.9159
194.882,23.4843
194.998,28.7488
195.125,36.5948
195.234,45.7795
195.345,58.4118
195.46,75.799
195.731,125.884
195.835,137.535
195.894,139.464
195.995,134.081
196.114,116.521
196.346,73.2027
196.452,58.1351
196.552,47.985
196.635,42.239
196.702,39.1059
196.803,36.3037
196.985,34.6971
197.228,34.261
197.408,35.0627
197.534,37.9147
197.644,43.1787
197.886,60.2138
197.979,63.021
197.989,63.0302
198.074,60.5739
198.17,53.1289
198.34,36.1178
198.414,30.5212
198.489,27.01
198.555,25.6567
198.589,25.5633
198.656,26.3698
198.756,29.4976
198.921,37.4893
199.188,51.1277
199.393,58.0926
199.57,60.4141
199.722,59.815
200.019,53.8371
200.341,45.4944
200.526,43.5114
200.716,43.7635
200.867,42.1077
201.202,32.0632
201.365,29.0977
201.505,28.0478
201.59,27.9751
201.725,28.8224
201.859,31.3668
201.949,34.6846
202.03,39.6103
202.098,45.9443
202.165,55.2897
202.232,68.768
202.3,87.4258
202.375,114.779
202.572,203.75
202.654,229.328
202.726,236.532
202.801,225.942
202.884,195.921
203.072,102.011
203.141,73.7248
203.201,54.5057
203.256,41.1819
203.305,32.119
203.355,25.3469
203.405,20.2836
203.457,16.436
203.51,13.6419
203.564,11.5342
203.63,9.6699
203.712,8.04457
203.794,6.90556
203.902,5.86081
204.037,4.98611
204.172,4.40525
204.344,3.93562
204.521,3.6774
204.668,3.61312
204.778,3.66434
204.899,3.85312
205.02,4.26827
205.1,4.77489
205.161,5.3705
205.221,6.26836
205.272,7.36803
205.322,8.93332
205.371,11.051
205.418,13.8724
205.47,18.0528
205.524,23.6946
205.589,32.5838
205.686,49.1317
205.804,69.4781
205.87,77.2364
205.941,80.4386
205.998,78.6475
206.067,71.7997
206.186,53.118
206.295,35.7156
206.364,27.0219
206.423,21.4383
206.48,17.4388
206.537,14.5797
206.594,12.589
206.669,10.8808
206.726,10.0857
206.802,9.47333
206.878,9.27876
206.954,9.5217
207.029,10.318
207.105,11.8309
207.187,14.3885
207.383,22.212
207.458,23.9144
207.496,24.1606
207.575,23.2061
207.662,20.3312
207.812,14.2218
207.892,11.8574
207.972,10.4726
208.053,9.90116
208.093,9.83448
208.24,10.2862
208.487,12.0655
208.77,14.9942
209.289,22.074
209.455,23.1024
209.598,22.3906
209.766,19.7196
209.894,17.4466
209.988,16.551
210.016,16.505
210.102,17.101
210.218,19.3627
210.351,22.0699
210.416,22.4798
210.494,21.7419
210.588,19.1776
210.775,12.1969
210.854,10.0319
210.913,9.01581
210.97,8.50584
211.008,8.40458
211.083,8.70244
211.159,9.56275
211.268,11.5986
211.386,14.7275
211.529,19.6633
211.829,31.4688
211.95,34.6456
212.051,35.5528
212.162,34.4294
212.283,30.9839
212.62,17.3274
212.746,13.3324
212.857,10.7062
212.967,8.8044
213.063,7.63094
213.193,6.60794
213.349,5.96166
213.509,5.71477
213.534,5.71033
213.626,5.79311
213.726,6.12238
213.825,6.86181
213.888,7.66771
213.95,8.88887
214.012,10.712
214.064,12.8637
214.116,15.7592
214.172,19.9006
214.238,26.2501
214.316,35.9607
214.527,67.0261
214.617,76.048
214.693,79.0595
214.71,79.0953
214.799,75.8287
214.937,63.4637
215.098,48.0522
215.21,40.6475
215.274,37.7839
215.402,34.3567
215.558,32.9004
215.612,32.8387
215.857,34.4012
216.128,38.8521
216.4,46.1153
216.677,56.9545
216.996,74.0421
217.304,95.6385
217.516,116.938
217.747,142.429
217.833,145.712
217.936,139.805
218.038,123.224
218.274,69.0354
218.356,54.4907
218.42,46.198
218.493,39.7756
218.548,36.8166
218.629,34.8634
218.653,34.761
218.751,36.2604
218.861,40.8072
219.038,49.2669
219.125,50.6402
219.212,48.758
219.318,42.4118
219.523,26.2574
219.607,21.1179
219.691,17.4005
219.764,15.183
219.86,13.217
220.011,11.4194
220.217,9.99444
220.68,7.81357
220.82,7.52126
220.909,7.69858
220.998,8.29626
221.132,9.93513
221.304,12.1335
221.448,13.0883
221.657,14.2869
221.967,17.5737
222.094,18.0663
222.276,17.4101
222.726,14.1625
222.993,13.0778
223.343,12.6338
223.717,13.2412
224.544,16.222
224.606,16.2822
224.85,15.7377
225.001,15.3526
225.134,15.7764
225.222,16.7965
225.325,19.0607
225.429,22.7518
225.555,29.197
225.738,39.3449
225.842,42.7938
225.894,43.3178
225.984,42.1367
226.091,37.7569
226.352,22.9234
226.455,18.3985
226.559,15.1218
226.666,12.7921
226.83,10.3959
227.084,6.96087
227.216,5.14543
227.284,4.45514
227.324,4.1747
227.383,4.01437
227.426,4.13065
227.47,4.50606
227.513,5.20416
227.557,6.29887
227.601,7.86802
227.644,9.98091
227.697,13.3441
227.761,18.5108
227.93,34.4007
228.003,39.2443
228.072,40.9674
228.074,40.9686
228.139,39.5649
228.221,34.456
228.391,19.8228
228.451,15.7659
228.503,13.2161
228.549,11.7317
228.595,10.8709
228.64,10.5386
228.701,10.7331
228.79,11.8862
228.987,15.8429
229.123,19.3716
229.209,22.7049
229.286,27.123
229.362,33.3558
229.456,43.6989
229.67,71.4761
229.755,78.599
229.83,80.6526
229.915,77.7895
230.013,69.0159
230.233,43.017
230.322,35.0905
230.397,30.217
230.475,26.8729
230.58,24.308
230.775,22.2691
230.933,21.4725
231.064,21.9657
231.187,24.0981
231.482,32.9339
231.603,34.8815
231.653,35.0887
231.815,33.6606
232.247,25.2311
232.434,23.1457
232.5,22.9423
232.599,23.6484
232.664,25.2544
232.726,28.065
232.787,32.5984
232.849,39.2395
232.921,49.8056
233.115,85.2289
233.187,93.8582
233.246,96.3251
233.32,92.5774
233.402,80.755
233.591,42.6022
233.659,31.6522
233.718,24.4201
233.772,19.6357
233.822,16.4755
233.869,14.3986
233.927,12.8167
233.984,11.9753
234.041,11.7092
234.098,11.9516
234.178,13.151
234.256,15.3588
234.353,19.4138
234.493,25.9599
234.577,28.3521
234.622,28.7237
234.698,27.6875
234.782,24.4855
234.977,14.3069
235.051,11.3678
235.117,9.51189
235.167,8.55966
235.241,7.7346
235.303,7.53304
235.365,7.74262
235.429,8.41327
235.5,9.7841
235.571,11.9171
235.651,15.2758
235.795,23.1178
235.899,28.4928
235.991,31.3646
236.047,31.8856
236.141,30.5873
236.253,26.3946
236.448,17.6412
236.554,14.0558
236.643,11.9035
236.757,10.0021
236.87,8.74718
237.013,7.79782
237.156,7.48165
237.428,7.86495
237.553,7.61475
237.73,6.85686
237.754,6.82834
237.812,6.96497
237.864,7.4072
237.919,8.31007
237.977,9.81081
238.043,12.2513
238.128,16.3985
238.301,25.6646
238.395,29.0581
238.489,30.1607
238.573,29.2287
238.72,24.9159
238.904,19.1232
239.022,16.5797
239.154,14.803
239.321,13.6699
239.487,13.3136
239.649,13.5454
239.812,14.4017
239.968,16.0669
240.092,18.3558
240.202,21.4718
240.311,26.1153
240.423,32.9708
240.554,43.713
240.743,60.6021
240.833,66.1654
240.925,68.2157
241.015,66.048
241.115,59.412
241.386,33.931
241.484,26.7758
241.577,21.8383
241.67,18.4682
241.763,16.3158
241.857,15.0555
241.98,14.3583
242.019,14.3168
242.134,14.6026
242.289,15.8264
242.443,17.9608
242.638,22.0217
242.844,28.0193
243.05,35.9808
243.206,44.3845
243.318,53.2008
243.425,65.0652
243.589,89.7367
243.724,109.087
243.819,115.768
243.846,116.166
243.924,113.328
244.033,101.226
244.227,73.7403
244.324,64.8813
244.38,62.1437
244.474,61.0106
244.74,67.9607
244.778,68.2923
244.893,65.989
245.001,59.1837
245.296,31.9418
245.394,24.8596
245.492,19.6927
245.589,16.0269
245.686,13.4396
245.797,11.3367
245.936,9.4764
246.091,8.09939
246.189,7.68136
246.222,7.66108
246.288,7.85726
246.353,8.43621
246.435,9.7824
246.534,12.2678
246.722,17.8358
246.814,19.5503
246.885,19.9944
246.977,19.4373
247.108,17.163
247.305,13.3281
247.42,11.7622
247.567,10.5701
247.692,10.226
247.786,10.516
247.854,11.2604
247.91,12.43
247.967,14.363
248.023,17.3723
248.07,20.9558
248.126,26.8941
248.186,35.1947
248.265,49.4654
248.422,82.057
248.501,93.9357
248.575,98.3201
248.58,98.336
248.654,94.5081
248.733,83.0186
248.93,42.4446
248.994,31.927
249.049,24.8749
249.096,20.4668
249.144,17.4727
249.191,15.7372
249.239,15.0713
249.255,15.0604
249.32,15.8546
249.432,19.1223
249.543,22.1473
249.616,22.8593
249.69,22.2024
249.773,20.0138
249.957,13.4162
250.041,11.2873
250.104,10.355
250.175,9.96492
250.192,9.96392
250.292,10.5018
250.513,12.6559
250.605,12.9735
250.728,12.5182
251.105,8.7622
251.285,7.60481
251.448,6.95923
251.723,6.3175
252.067,5.91083
252.319,5.82287
252.811,6.0419
253.045,5.83623
253.403,5.15728
253.593,5.04614
253.782,5.18198
253.971,5.57422
254.153,6.31602
254.272,7.14566
254.39,8.43677
254.493,10.1781
254.587,12.4918
254.68,15.6188
254.79,20.4884
255.021,32.0477
255.115,35.1228
255.195,36.0299
255.279,35.0651
255.395,31.034
255.649,18.5673
255.743,15.0331
255.824,12.8573
255.901,11.5499
255.993,10.876
256.024,10.8545
256.116,11.3538
256.223,12.8318
256.475,17.7707
256.595,19.1024
256.643,19.2426
256.781,18.4541
257.114,13.9033
257.252,12.9909
257.29,12.9334
257.39,13.2783
257.484,14.4861
257.562,16.5198
257.622,19.0299
257.68,22.675
257.738,27.9187
257.797,35.2509
257.855,45.1169
257.918,58.9991
257.998,81.6247
258.197,147.164
258.276,165.353
258.354,172.581
258.365,172.602
258.431,167.525
258.505,152.549
258.65,107.737
258.762,73.5995
258.836,56.1016
258.896,45.2019
258.963,36.4441
259.027,30.8705
259.098,27.1451
259.168,25.3608
259.222,25.0164
259.314,26.0418
259.411,28.8889
259.71,41.7466
259.827,43.8186
259.832,43.8265
259.925,42.6521
260.04,38.1506
260.331,21.7575
260.441,16.9531
260.538,13.8409
260.643,11.4159
260.766,9.50451
260.918,7.95516
261.092,6.81813
261.301,5.91582
261.615,5.01304
262.149,3.93789
262.602,3.22498
262.802,3.10085
262.923,3.1901
263.041,3.49208
263.13,3.9203
263.229,4.668
263.327,5.73004
263.435,7.30423
263.757,13.1677
263.884,14.6686
263.973,14.9854
264.089,14.4374
264.243,12.5224
264.477,9.23916
264.638,7.63395
264.799,6.52995
264.977,5.66935
265.243,4.76237
265.503,4.16938
265.633,4.0297
265.734,4.11156
265.801,4.34936
265.868,4.82681
265.927,5.51126
265.983,6.49209
266.052,8.15268
266.129,10.687
266.355,19.8153
266.441,22.2116
266.528,23.0066
266.615,22.0967
266.727,19.0558
266.924,12.6307
267.027,10.1336
267.131,8.44858
267.237,7.37806
267.372,6.69395
267.461,6.55008
267.551,6.65135
267.653,7.12484
267.755,8.09946
267.852,9.6286
267.951,11.9629
268.057,15.4273
268.193,21.1826
268.483,34.8213
268.643,40.0425
268.799,42.3736
268.861,42.6228
269.109,41.3001
269.687,35.1859
270.14,29.4391
270.4,27.6681
270.451,27.5749
270.61,28.1321
270.725,29.6965
270.826,32.3572
270.938,37.2213
271.049,44.7002
271.189,57.8445
271.371,76.4898
271.487,83.7047
271.538,84.5914
271.622,82.4631
271.732,73.5493
272.02,38.1159
272.112,29.1543
272.201,22.5731
272.278,18.3374
272.362,15.0486
272.459,12.3941
272.556,10.5908
272.668,9.17996
272.803,8.01966
272.983,7.0052
273.154,6.40556
273.279,6.22593
273.395,6.44392
273.48,7.02647
273.561,8.08933
273.63,9.499
273.713,11.8405
273.836,16.3609
274.001,22.6025
274.113,25.1489
274.194,25.7212
274.29,25.1148
274.599,19.9864
274.715,18.859
274.832,18.5069
274.951,18.9236
275.097,20.548
275.237,23.4772
275.4,28.7592
275.633,37.2411
275.771,39.6745
275.804,39.7853
275.966,38.2088
276.156,35.8605
276.174,35.8345
276.277,36.7149
276.38,39.4665
276.517,45.572
276.803,61.2066
276.955,65.7343
277.0,65.9957
277.132,63.5372
277.281,55.7126
277.581,35.2157
277.71,28.7075
277.806,25.3552
277.911,23.0779
278.041,21.7368
278.465,20.4875
278.655,18.7107
279.062,13.538
279.249,11.8693
279.355,11.4092
279.414,11.3699
279.533,11.9006
279.628,13.0103
279.755,15.363
279.939,19.0779
280.047,20.1447
280.069,20.1851
280.175,19.478
280.31,16.8687
280.519,11.9494
280.632,9.96107
280.727,8.83667
280.835,8.08526
280.954,7.8421
281.061,8.15422
281.161,8.91913
281.298,10.6471
281.526,13.8685
281.644,14.8185
281.765,15.0794
282.058,14.5209
282.235,14.7174
282.457,15.9851
282.679,18.3392
282.916,22.2044
283.124,27.1264
283.323,33.8498
283.504,42.5179
283.706,55.8784
283.97,75.0644
284.093,80.028
284.132,80.4877
284.235,78.6606
284.36,70.6587
284.554,50.7226
284.702,35.4921
284.807,26.9674
284.881,22.5488
284.944,19.8657
285.006,18.2563
285.069,17.743
285.132,18.2917
285.215,20.4391
285.418,27.9126
285.508,29.4488
285.527,29.4939
285.611,28.447
285.719,24.6487
285.918,15.5139
286.012,12.2345
286.086,10.3484
286.161,9.06291
286.236,8.27643
286.31,7.91485
286.334,7.87905
286.408,8.0369
286.488,8.72718
286.571,10.1646
286.64,12.0347
286.729,15.3392
286.96,26.0321
287.035,28.2357
287.097,28.8725
287.18,27.8365
287.273,24.4222
287.5,12.59
287.576,9.45068
287.642,7.40409
287.701,6.0561
287.753,5.20765
287.813,4.54111
287.86,4.19009
287.925,3.90403
288.023,3.77796
288.136,3.943
288.289,4.51599
288.824,7.07198
288.985,8.20169
289.159,9.97597
289.366,12.8869
289.819,20.8003
290.011,22.85
290.099,23.1547
290.299,22.3655
290.621,19.8971
290.769,19.6511
290.856,19.6653
291.053,19.0443
291.191,17.5565
291.558,11.9273
291.715,10.151
291.882,8.86198
292.071,7.98003
292.3,7.53447
292.339,7.52533
292.494,7.71411
292.61,8.15724
292.756,9.21741
292.902,10.9741
293.21,15.8399
293.338,16.8615
293.373,16.9087
293.497,16.2902
293.669,14.482
293.765,14.0551
293.835,14.4066
293.907,15.4676
294.016,18.3166
294.178,23.2098
294.278,24.8369
294.305,24.9422
294.391,24.2195
294.488,21.6921
294.741,12.1499
294.826,9.64427
294.91,7.78082
294.987,6.57475
295.068,5.72233
295.176,5.03214
295.287,4.65185
295.473,4.41858
295.689,4.50054
295.904,4.89052
296.038,5.36584
296.15,6.05558
296.24,6.98711
296.312,8.15288
296.386,9.92647
296.461,12.4484
296.54,16.0432
296.633,21.638
296.753,30.6543
296.904,44.5847
297.04,60.2037
297.322,100.111
297.415,108.772
297.491,111.256
297.588,107.397
297.703,93.9174
297.987,46.7167
298.082,34.0898
298.153,26.7666
298.221,21.6348
298.28,18.5394
298.345,16.458
298.405,15.679
298.424,15.6351
298.484,16.0945
298.546,17.425
298.63,20.4084
298.786,28.1986
298.896,33.5294
298.993,36.4995
299.045,37.0245
299.134,35.9246
299.225,32.4057
299.363,24.0727
299.503,15.2105
299.588,10.7859
299.658,7.91139
299.722,5.86752
299.781,4.4437
299.833,3.46037
299.886,2.70842
299.938,2.14207
299.99,1.72939
300.0,1.65917
300.0,23.7831
350.0,21.7893
418.435,19.8735
450.0,18.9899
537.989,16.1448
550.0,15.7564
600.0,13.4994
650.0,11.0001
700.0,10.4999
750.0,10.1002
800.0,10.0001
850.0,9.90018
900.0,10.0003
950.0,10.1
1000.0,10.3
1195.53,9.68737
1250.0,9.5167
1494.41,8.96691
1500.0,8.95434
1750.0,8.3687
2000.0,7.90095
2391.06,7.27273
2500.0,7.09773
2988.82,6.54359
3000.0,6.53092
3500.0,6.09895
4184.35,5.6165
4500.0,5.39398
5379.88,4.95964
5500.0,4.90035
6500.0,4.45569
7500.0,4.10132
8966.47,3.80838
9500.0,3.7018
11357.5,3.5336
12250.0,3.45279
14645.2,3.32124
15000.0,3.30176
17932.9,3.12729
20000.0,3.00432
23910.6,2.85334
25000.0,2.81127
29888.2,2.66946
35000.0,2.52116
40200.0,2.43079
40200.0,2.42996
70000.0,2.24
131732.0,2.02976
318850.0,1.6805
400000.0,1.56
600000.0,1.485
736759.0,1.50955
831500.0,1.54
898000.0,1.538
1200000.0,1.602
1400000.0,1.71
1600000.0,1.73
2300000.0,1.631
2600000.0,1.561
3950000.0,1.3855
5000000.0,1.311
5500000.0,1.342
6250000.0,1.47
6562500.0,1.622
6750000.0,1.75399
7250000.0,1.884
9625000.0,1.9815
9875000.0,1.986
1.025E7,1.984
1.0625E7,1.992
1.1625E7,1.976
1.25E7,2.041
1.375E7,2.208
1.5E7,2.09
1.7E7,1.992
2.0E7,1.992
