94-Pu-241(n,elastic) ENDF/B-VII.1
1.0E-5,44.0215
1.31241E-5,38.776
1.70876E-5,34.3689
2.2426E-5,30.451
2.91987E-5,27.1823
3.83206E-5,24.3022
5.47714E-5,21.1761
7.82843E-5,18.6948
1.11891E-4,16.7607
1.59925E-4,15.2857
2.48937E-4,13.9728
4.25373E-4,12.951
7.97923E-4,12.2652
0.00212234,11.764
0.0138972,11.391
0.0234661,11.2789
0.0253,11.2596
0.185456,10.0745
0.191217,10.0709
0.215877,10.3234
0.236671,11.1832
0.277166,14.2052
0.29796,14.8232
0.301243,14.838
0.43367,12.9516
0.590294,12.1166
1.02246,11.3881
2.97477,9.69459
3.56047,8.72579
3.79474,8.0004
3.97253,7.01316
4.07418,6.00165
4.16093,4.75206
4.1767,4.67168
4.18931,4.81956
4.19878,5.16117
4.20883,5.86546
4.2177,6.89286
4.22657,8.40499
4.23584,10.58
4.24767,14.2498
4.28047,26.6493
4.29435,30.3005
4.30634,31.673
4.30949,31.746
4.32321,30.8502
4.35015,25.8228
4.37837,20.5711
4.40305,17.5228
4.43301,15.2877
4.46298,13.9985
4.50293,13.2642
4.51625,13.2596
4.54999,13.8192
4.61569,15.8893
4.62989,16.0484
4.6512,15.9477
4.75984,13.2328
4.85256,11.804
4.95931,10.8913
5.10165,10.1427
5.35785,9.38105
5.54288,9.20674
5.74358,9.52007
5.99835,10.737
6.26167,11.9419
6.38266,12.1022
6.58282,11.6913
6.81761,10.2576
6.85323,10.6147
6.87645,11.3676
6.90642,13.133
6.96584,17.6165
6.99176,18.681
7.00833,18.9009
7.0609,18.0761
7.16892,15.6606
7.28055,14.3605
7.49299,13.0711
8.18803,10.3875
8.33904,9.38794
8.48651,7.9106
8.4924,7.90337
8.51836,8.19149
8.53782,8.96694
8.55641,10.3735
8.57735,12.8353
8.63067,20.7729
8.6486,22.4786
8.66748,23.2027
8.68966,22.7949
8.77082,17.8563
8.80622,16.3864
8.88084,14.6086
8.96313,13.5764
9.15919,12.3889
9.38589,11.8889
9.42878,11.8807
9.54274,12.1373
9.67508,13.2914
9.80118,12.1869
9.82486,12.1834
10.1754,13.4561
10.2607,13.5213
10.6017,12.9357
12.0924,9.05567
12.3845,7.92542
12.6527,6.60206
12.6655,6.58584
12.7166,6.72588
12.7728,7.372
12.8545,8.71099
12.9069,9.06001
12.9714,8.69525
13.1924,5.65564
13.2283,5.41758
13.2498,5.58184
13.2642,5.97183
13.2786,6.74609
13.291,7.88059
13.3016,9.33334
13.3123,11.3645
13.3229,14.1124
13.3353,18.4014
13.348,24.1602
13.3627,32.6279
13.3845,48.294
13.4178,73.9716
13.4401,86.3255
13.4575,90.5314
13.461,90.7223
13.4737,89.6134
13.494,82.7533
13.5551,48.6058
13.5789,38.3256
13.5995,31.8879
13.6218,27.0166
13.6511,22.7848
13.6868,19.5624
13.7384,16.6985
13.8019,14.4935
13.8933,12.4421
14.0247,10.478
14.1956,8.66866
14.318,7.84752
14.3576,7.76688
14.417,8.03616
14.4566,8.70672
14.4836,9.57817
14.5106,11.006
14.5322,12.7691
14.5538,15.3748
14.5718,18.4831
14.5889,22.5454
14.6051,27.731
14.6213,34.5981
14.6384,44.1135
14.6564,57.0975
14.678,77.0389
14.7095,113.467
14.7525,164.997
14.7747,183.717
14.8,192.778
14.8033,192.884
14.831,184.678
14.8688,154.872
14.9183,109.612
14.9516,85.9126
14.9831,69.7362
15.0135,58.629
15.0474,49.8647
15.0862,42.8224
15.1408,36.1039
15.1954,31.5406
15.2656,27.4628
15.3716,23.3865
15.4982,20.213
15.6395,17.8343
15.7738,16.508
15.8279,16.3463
15.9316,16.9376
16.1059,19.1858
16.1483,19.3364
16.2142,19.1069
16.5212,15.8551
16.5457,15.7943
16.6192,16.3939
16.7515,19.1717
16.7931,19.3739
16.8764,18.6001
17.0601,16.1313
17.5011,11.605
17.6236,10.2191
17.6338,10.1947
17.6644,10.5415
17.6846,11.442
17.6997,12.761
17.7126,14.5151
17.7262,17.2305
17.7398,21.0528
17.7553,27.0426
17.7722,35.7288
17.7932,49.527
17.8434,87.4513
17.8662,99.5773
17.887,104.299
17.8901,104.419
17.9109,101.466
17.9364,90.7222
17.9931,58.6626
18.0184,47.5618
18.0418,40.0709
18.0661,34.6111
18.1002,29.6768
18.141,26.1061
18.1863,23.7395
18.25,22.2774
18.3746,21.2891
18.5558,18.7794
18.8167,17.07
19.2949,15.4921
20.3685,13.2558
20.6044,12.242
20.661,12.6515
20.7807,15.039
20.8211,15.2483
21.0185,14.0791
21.8332,12.042
21.9352,12.5805
22.0066,12.8847
22.7211,10.6574
22.858,10.3775
22.9375,10.9237
23.0662,12.7106
23.1511,13.1525
23.3243,12.4562
23.5852,11.3867
23.8155,11.0863
23.9273,10.5863
23.9709,10.8694
24.01,11.8
24.0605,14.0684
24.1249,17.336
24.1715,18.5253
24.192,18.6036
24.2535,17.7113
24.3637,15.4351
24.4785,14.1889
24.7608,13.0548
25.7575,9.98852
26.0845,8.79493
26.103,8.78581
26.1748,9.05866
26.227,9.83014
26.2704,11.1284
26.3103,13.0398
26.3587,16.3416
26.4602,24.4834
26.5071,26.8734
26.5524,27.6243
26.6156,26.549
26.7942,20.5147
26.9084,18.0448
27.0343,16.2985
27.2759,14.2259
27.5276,13.0189
28.1296,10.9793
28.4368,9.97883
28.511,9.95575
28.6197,10.3797
28.7186,11.4729
28.9625,15.8966
29.0448,16.7965
29.1206,17.1157
29.3513,16.6749
29.4344,17.1346
29.6007,19.7952
29.6301,19.891
29.7248,18.9918
29.8826,16.8534
30.0931,15.319
30.7965,11.915
30.8143,11.9119
30.8642,12.1244
30.9298,13.1151
31.0296,16.0726
31.1108,18.2069
31.1678,18.7938
31.1949,18.815
31.5342,16.2426
31.9048,14.8924
33.1217,12.9285
33.2124,12.8432
33.4538,13.2291
33.6622,12.5797
33.767,12.9064
33.8978,13.7943
33.9251,13.8378
34.2462,13.0669
34.8614,12.6424
34.9469,12.9253
35.1109,15.2832
35.1625,15.4887
35.4853,14.5642
36.1959,13.4994
36.3591,13.613
37.6071,12.032
38.0607,11.5705
38.2696,12.6568
38.2847,12.6684
38.899,10.9997
39.1872,10.0215
39.2613,10.293
39.3381,11.3181
39.4479,13.2217
39.505,13.5796
39.5775,13.1389
39.7061,11.4802
39.7476,11.3071
39.789,11.6182
39.8405,12.8185
39.9591,16.9373
40.0113,17.7253
40.0231,17.7638
40.094,17.2183
40.2129,15.5171
40.3317,14.4557
40.5324,13.7135
40.6169,13.6405
41.1661,14.2559
42.4055,12.9379
42.6592,12.6156
42.9644,13.0724
43.353,12.2374
43.4779,12.8238
43.5911,13.3671
43.606,13.3714
43.9244,12.7014
45.7026,11.0617
46.1363,10.1901
46.3813,9.53037
46.4765,9.89138
46.673,12.1796
46.7638,12.5435
47.2068,10.944
47.4916,10.1491
47.6996,9.4194
47.7248,9.39654
47.8118,9.58333
47.8849,10.2313
47.9593,11.5337
48.0727,14.6427
48.1837,17.6912
48.2845,19.1275
48.3349,19.2904
48.456,18.7468
48.8341,16.0672
49.2123,14.6689
50.1096,12.9867
50.1965,12.9308
50.5961,13.7198
51.7255,12.6672
52.1881,12.421
52.392,12.5142
54.1875,11.6442
54.3855,11.6959
55.8065,11.0378
55.9908,11.0819
57.4368,10.0496
58.0928,9.17504
58.2751,9.55873
58.4602,10.1181
58.5514,10.2169
59.0143,10.0216
59.2255,10.4421
59.5035,11.8082
59.5591,11.8966
59.6813,11.6497
60.0218,9.49114
60.2302,8.06376
60.265,7.95734
60.3181,8.08629
60.358,8.55263
60.3981,9.45826
60.445,11.1279
60.5858,17.7756
60.6346,19.1568
60.6868,19.5885
60.7551,18.8859
60.9307,15.7912
61.1395,13.6309
61.4434,11.5822
61.7915,9.98184
61.9397,9.81295
62.0428,10.183
62.1495,11.1129
62.381,13.9162
62.5184,14.8374
62.6233,15.0073
63.8493,12.3218
64.4265,11.4031
64.6574,11.1002
65.1638,9.60336
65.3878,8.82576
65.405,8.81398
65.474,9.00514
65.5398,9.74454
65.601,11.0865
65.7648,16.3167
65.8172,17.401
65.8806,17.8264
65.984,16.8693
66.2195,13.2349
66.3276,12.1181
66.3725,11.9191
66.4399,12.1881
66.5027,13.2527
66.6725,17.9873
66.7452,18.7611
66.7565,18.7666
66.8575,17.8902
67.0461,15.5367
67.2167,14.3619
67.9344,11.6913
68.0832,11.1963
68.147,11.4922
68.2365,12.7692
68.334,14.421
68.419,14.9129
68.5678,13.9289
68.8339,12.3173
69.0377,11.4955
69.1197,11.8881
69.2332,13.6719
69.3152,14.832
69.3704,15.063
69.4887,14.3813
69.6148,13.4808
69.8167,12.8032
70.6472,11.8009
71.6273,10.8788
71.7331,10.8934
72.0361,10.7602
72.1819,11.192
72.4085,12.5394
72.5016,12.6974
73.1088,11.2782
73.7382,10.1595
73.8565,10.4603
74.0256,11.343
74.0525,11.3737
74.474,10.262
75.0838,9.02512
75.3435,8.1111
75.5166,7.35721
75.5444,7.33707
75.6031,7.64206
75.6495,8.42495
75.6959,9.87445
75.75,12.4516
75.8694,19.2844
75.9228,21.1161
75.9679,21.523
76.0297,20.5641
76.1905,15.4556
76.2647,13.7818
76.3883,12.0814
76.7452,9.23395
76.7997,9.06427
76.8406,9.26802
76.8788,9.91769
76.9156,11.142
76.9525,13.0742
76.9988,16.4992
77.1035,25.5853
77.1515,28.2039
77.1885,28.8754
77.2337,28.0989
77.3047,24.5378
77.4048,19.0092
77.4734,16.5631
77.5439,15.1079
77.6614,13.8909
77.8869,12.8146
78.7328,10.7573
79.3555,9.21136
79.5846,8.32651
79.8416,6.89791
79.8695,6.83878
79.9113,6.95051
79.9532,7.44897
79.995,8.51022
80.0369,10.2638
80.0834,13.0222
80.1975,21.0414
80.2456,23.2889
80.2935,24.1103
80.3423,23.5157
80.4216,20.6189
80.5356,16.0898
80.6226,13.845
80.7443,12.0122
80.9492,10.1975
81.0651,9.71357
81.127,9.92287
81.1733,10.4769
81.2259,11.6496
81.2885,13.8475
81.4301,20.1308
81.4814,21.7168
81.5563,22.5846
81.608,22.2601
81.8779,17.3719
82.0754,15.2823
82.8305,10.4199
82.858,10.3794
82.9131,10.7215
82.9544,11.5831
82.9957,13.1986
83.0369,15.708
83.0901,20.1768
83.1942,29.943
83.2484,33.0298
83.2931,33.6594
83.3406,32.5017
83.436,26.9748
83.5317,21.5353
83.6045,18.8361
83.6794,17.1206
83.8315,15.2583
84.0767,13.819
84.6671,11.5301
85.1395,9.16123
85.1758,9.1144
85.2485,9.35827
85.3266,10.2051
85.6237,14.8009
85.7433,16.268
85.845,16.5846
86.032,15.2419
86.6043,10.8627
86.6197,10.8256
86.6661,10.9813
86.7125,11.7661
86.7589,13.4985
86.8002,16.0279
86.8516,20.4735
86.9675,32.1759
87.0241,35.6563
87.0711,36.3497
87.1245,34.8608
87.2989,24.1898
87.3665,21.2665
87.4669,18.6487
87.564,17.2279
87.6912,16.2215
87.7548,16.0487
87.874,16.4182
88.0869,17.8146
88.1043,17.8323
88.2371,17.312
88.4968,15.5563
88.8215,14.6281
88.9514,14.5484
89.5253,15.1816
89.8887,14.7337
90.4344,13.2612
90.5954,13.6946
90.8244,15.0764
90.9126,15.1838
91.5844,13.896
92.3711,13.0393
92.6744,13.3609
93.588,12.1729
93.9332,12.6746
95.1883,11.3686
95.602,11.9497
95.8551,11.654
96.0595,12.0813
96.1906,12.3082
96.8597,11.5398
97.3331,10.4431
97.6693,10.0272
97.9618,8.95959
97.9784,8.958
98.0415,9.20325
98.1012,9.98652
98.1592,11.4678
98.2153,13.6568
98.3819,22.0135
98.4476,24.0609
98.5007,24.6059
98.573,23.9064
98.8118,18.0744
98.9459,15.9877
99.1644,14.0433
99.3382,13.0395
99.5142,12.5547
99.6625,12.9386
99.9359,14.5289
100.051,14.6988
100.817,13.5659
101.152,12.7629
101.296,12.4175
101.406,12.8249
101.623,14.6673
101.688,14.7852
102.071,13.563
102.254,13.4563
102.594,13.5208
102.959,13.2603
103.375,12.3895
103.469,12.7208
103.701,15.0407
103.775,15.2593
104.192,13.7217
104.929,12.9344
107.19,11.6169
107.706,10.8997
107.833,11.2847
108.069,13.2087
108.133,13.3737
108.264,13.02
108.563,11.8025
108.831,11.3578
109.017,11.7998
109.308,13.2064
109.388,13.3122
110.622,12.4932
112.622,11.3708
112.969,10.9561
113.154,11.3906
113.363,12.1173
113.423,12.1408
114.323,11.2905
114.702,11.0686
115.066,11.3512
115.483,11.0383
115.684,11.0722
116.797,9.99089
116.934,10.1831
117.062,10.8993
117.345,13.6358
117.475,14.0606
118.077,12.2067
118.823,11.2603
118.902,11.2415
119.099,11.2705
120.25,10.3292
120.422,10.338
121.115,9.79118
121.63,8.76194
121.777,8.44121
121.871,8.38567
121.972,8.64702
122.066,9.38045
122.194,11.1539
122.347,13.4228
122.46,14.2087
122.514,14.2467
122.674,13.5589
122.985,11.6559
123.044,11.5161
123.134,11.8165
123.219,12.9385
123.412,17.0129
123.499,17.6597
123.565,17.2903
123.748,14.7826
123.88,13.5865
124.106,12.8294
125.452,11.2064
126.637,10.4899
127.898,8.86298
128.091,8.52356
128.171,8.67883
128.225,9.12278
128.279,10.0047
128.339,11.5942
128.433,15.2645
128.538,19.3313
128.609,20.7312
128.633,20.8539
128.707,20.1726
128.936,14.4592
129.033,12.8856
129.113,12.0534
129.349,10.6367
129.763,9.04863
129.931,8.78541
130.235,9.10184
130.294,9.38458
130.353,10.1295
130.403,11.4376
130.443,13.1442
130.483,15.582
130.533,19.7515
130.607,27.8019
130.708,39.5061
130.774,44.6198
130.822,45.9361
130.87,45.1729
130.948,40.4079
131.101,27.543
131.173,23.031
131.231,20.463
131.31,18.1151
131.414,16.2523
131.539,14.9264
131.809,13.3063
132.184,12.0185
132.793,10.7251
133.222,10.3198
133.33,10.6347
133.397,11.4704
133.457,12.9512
133.529,15.7316
133.683,22.9281
133.74,24.5234
133.8,24.9412
133.884,23.5399
134.077,17.6327
134.176,15.6658
134.289,14.4232
134.495,13.4454
135.003,12.8058
135.84,11.9877
136.362,11.0127
136.495,11.3427
136.74,12.8527
136.79,12.9277
136.967,12.4032
137.234,11.3934
137.958,9.45861
138.008,9.43706
138.119,9.68157
138.3,10.9257
138.473,12.0652
138.591,12.294
138.943,11.4844
139.745,9.1928
139.782,9.16594
139.855,9.34012
139.932,10.0717
139.99,11.1449
140.067,13.325
140.229,18.8423
140.298,20.1863
140.35,20.4391
140.425,19.748
140.654,14.833
140.763,13.168
140.927,11.6878
141.33,9.56227
141.59,8.52825
141.621,8.49741
141.682,8.62027
141.741,9.10432
141.797,10.0795
141.852,11.7487
141.908,14.2582
141.979,18.7104
142.148,31.4793
142.219,35.0747
142.286,36.3078
142.349,35.6023
142.442,32.2645
142.627,24.1472
142.725,21.1473
142.837,18.9102
142.997,16.945
143.281,15.048
143.65,13.6634
144.677,11.3228
144.854,11.1933
145.162,11.4045
145.345,11.153
145.728,9.76671
145.752,9.75611
145.829,9.98137
145.92,10.9677
146.009,12.8712
146.196,18.0402
146.275,19.3324
146.335,19.6276
146.465,18.6468
146.713,15.5305
146.926,14.2227
147.416,13.0686
148.612,10.7914
148.734,11.0617
148.915,12.4771
149.061,13.4165
149.101,13.4606
149.202,13.1527
149.518,11.2618
149.719,10.8423
149.897,11.2651
150.256,13.7391
150.348,13.9328
150.515,13.3468
150.758,11.8113
150.86,11.607
151.01,12.0499
151.265,13.3542
151.398,13.5719
152.325,12.2228
152.767,11.5769
153.254,10.0664
153.278,10.0589
153.385,10.3587
153.487,11.3278
153.76,15.7906
153.863,16.7334
153.953,16.8912
154.138,16.0438
154.519,14.0428
155.154,12.0678
155.206,12.0378
155.371,12.5328
155.601,13.9553
155.713,14.1464
156.204,12.756
156.751,12.377
157.386,11.8047
157.933,11.1095
158.61,9.45433
158.715,9.66077
158.834,10.6296
159.064,13.5627
159.183,14.16
159.2,14.1673
159.431,13.7562
159.674,14.1497
159.841,13.7631
160.251,11.9628
160.383,11.7695
160.541,12.2524
160.808,13.914
160.911,14.0789
161.549,12.448
162.622,11.8242
163.004,11.8706
163.716,11.3934
164.266,10.857
164.541,11.3025
164.913,12.1924
165.002,12.2301
165.473,12.0538
165.544,12.0553
166.568,11.24
166.956,10.7003
167.353,11.3329
168.044,10.5685
168.338,9.93564
168.354,9.93489
168.449,10.1003
168.594,10.9732
168.786,12.4994
168.931,12.8644
169.339,11.4976
169.612,11.1206
170.0,11.3014
171.306,10.1632
171.321,10.1631
171.364,10.1635
171.742,9.89001
172.927,8.27969
173.202,7.84615
173.65,6.23798
173.698,6.19799
173.763,6.37809
173.812,6.788
173.872,7.73739
173.928,9.184
173.997,11.6715
174.173,19.5511
174.25,21.7564
174.304,22.3041
174.365,21.8767
174.451,19.8626
174.579,16.1814
174.649,15.169
174.666,15.1171
174.729,15.6942
174.784,17.2231
174.862,20.6714
175.0,27.5345
175.087,29.6757
175.11,29.8049
175.179,29.1083
175.309,25.0811
175.438,20.7759
175.541,18.4488
175.644,17.0632
175.848,15.8196
176.852,14.0776
177.087,14.6727
177.315,15.2741
177.946,13.6595
178.711,12.0923
178.746,12.0831
179.193,12.4551
179.921,11.8117
180.213,11.8722
180.898,11.3575
181.767,10.0874
182.149,9.00714
182.384,8.24513
182.399,8.23619
182.49,8.49201
182.555,9.15029
182.63,10.5897
182.709,12.8581
182.88,18.5891
182.957,20.2114
183.026,20.7205
183.114,20.1901
183.375,16.3679
183.53,15.3833
183.948,14.4467
184.492,12.7844
186.907,10.3273
187.088,10.1611
187.539,10.677
188.116,9.79965
188.678,8.69495
188.695,8.69318
188.831,8.95113
189.081,10.0864
189.149,10.1715
189.317,9.73654
189.473,9.3259
189.595,9.64057
189.888,11.5375
190.032,11.7659
190.353,11.5758
190.721,11.7125
191.165,11.4188
192.102,10.1722
192.328,10.0096
192.563,10.2139
192.786,11.1384
193.132,13.3755
193.291,13.7151
193.473,13.2996
194.025,10.9462
195.136,7.95803
195.319,7.73028
195.459,7.9913
195.577,8.78162
195.698,10.2939
195.959,14.644
196.09,15.9807
196.185,16.27
196.325,15.8398
196.732,13.063
196.91,12.7467
197.09,12.9042
197.266,12.5998
197.596,11.2446
197.692,11.0996
197.828,11.4245
198.111,13.3886
198.213,13.7008
198.383,13.3098
198.722,11.6434
198.993,11.1392
199.027,11.1324
199.502,11.7296
199.977,12.2229
200.667,11.4854
200.908,11.6302
201.17,11.2433
201.943,8.60592
202.009,8.53573
202.108,8.86039
202.168,9.54005
202.222,10.6744
202.276,12.5051
202.33,15.2345
202.387,19.2728
202.454,25.6814
202.548,37.0485
202.673,52.4459
202.752,59.1612
202.821,61.6055
202.911,59.7525
203.022,51.8604
203.201,36.5981
203.297,30.5984
203.399,26.1925
203.507,23.1355
203.651,20.5653
203.89,18.0673
204.265,15.8723
205.418,11.5575
205.494,11.3991
205.589,11.5378
205.684,12.2575
205.814,14.2778
205.987,17.3439
206.072,18.1717
206.12,18.3287
206.262,17.7246
206.613,14.7322
207.039,12.7093
207.133,12.5408
207.241,12.7832
207.39,14.0992
207.577,16.0665
207.686,16.3438
207.85,15.5012
208.131,13.7737
208.509,12.8507
209.141,12.3225
209.732,12.6588
210.275,12.2175
210.601,12.7293
210.884,12.3186
211.245,11.3977
211.582,11.0131
211.869,11.3824
212.288,12.5508
212.435,12.6739
212.797,12.2151
213.759,10.238
214.174,8.93163
214.258,8.82517
214.382,9.06972
214.524,10.0873
214.765,12.4574
214.91,13.0754
214.943,13.0947
215.169,12.5354
215.657,11.04
216.345,9.86767
216.866,9.51476
217.208,9.8611
217.413,10.5894
217.553,11.7735
217.666,13.5078
217.945,19.7451
218.072,21.3686
218.122,21.5101
218.267,20.5523
218.591,16.4353
218.764,15.1582
218.893,14.8661
219.086,15.5748
219.32,16.7845
219.395,16.8495
219.953,14.8508
221.075,12.6675
221.206,12.6072
221.375,12.6305
221.887,12.3795
222.24,12.4595
223.504,11.6533
224.453,10.9824
224.785,11.1599
225.101,10.8099
225.455,10.1265
225.573,10.0996
225.795,10.6538
226.088,11.7676
226.184,11.8862
226.399,11.6335
227.22,9.267
227.383,8.83986
227.47,9.10757
227.528,9.80357
227.572,10.7662
227.622,12.5394
227.673,15.1803
227.731,19.4109
227.801,26.1618
227.972,45.5608
228.048,51.5025
228.121,53.3784
228.189,51.498
228.281,44.6806
228.457,27.9804
228.527,22.8753
228.596,19.1117
228.666,16.5057
228.755,14.3907
228.88,12.691
229.109,11.0206
229.28,10.2145
229.401,10.0175
229.513,10.3694
229.625,11.3559
229.897,14.9318
230.02,15.7725
230.06,15.856
230.221,15.4315
230.678,12.6642
231.22,10.493
231.456,10.1828
231.714,10.27
231.99,9.96695
232.414,8.74238
232.426,8.73931
232.5,8.95851
232.562,9.70066
232.611,10.9751
232.654,12.8762
232.691,15.3278
232.728,18.7756
232.765,23.4661
232.802,29.6476
232.845,39.0371
232.894,52.921
232.956,74.9885
233.069,124.925
233.159,162.323
233.232,182.196
233.294,187.857
233.357,182.06
233.436,160.799
233.631,86.3485
233.696,66.4602
233.758,52.1096
233.819,41.689
233.878,34.601
233.938,29.7112
234.017,25.4399
234.117,22.1781
234.245,19.7755
234.341,18.929
234.402,18.8077
234.554,19.6412
234.748,21.0291
234.786,21.0761
234.917,20.5154
235.287,17.1011
235.592,15.3645
235.77,15.0115
236.084,15.8594
236.231,16.1662
236.515,15.7405
237.264,13.8472
237.742,13.482
238.095,12.5797
238.169,12.5544
238.466,13.3317
238.728,13.7925
239.886,11.7522
240.386,10.8026
240.561,11.0199
240.685,11.6869
241.055,15.118
241.231,15.7269
241.384,15.4052
242.021,12.6674
243.0,9.94406
243.272,9.43716
243.407,9.71236
243.511,10.5997
243.613,12.2907
243.894,18.9031
243.983,20.1097
244.063,20.4253
244.196,19.6413
244.458,16.9425
244.623,16.3849
244.88,17.3399
245.085,17.9664
245.28,17.5651
245.947,14.7427
246.557,12.8657
246.665,12.7903
246.99,13.0304
247.318,12.5248
247.85,10.5027
247.935,10.3312
248.001,10.4793
248.068,11.0885
248.134,12.4086
248.201,14.6859
248.266,17.9955
248.356,24.1922
248.517,36.4023
248.6,40.5082
248.68,41.6698
248.759,40.09
248.863,35.1343
249.03,25.8998
249.123,22.2618
249.222,20.0381
249.294,19.4536
249.391,19.7861
249.638,22.4937
249.703,22.6567
249.773,22.3718
250.108,18.1451
250.317,16.5466
250.651,15.8155
252.521,13.7352
253.933,12.5131
254.766,11.365
255.011,11.7212
255.378,13.12
255.519,13.2673
255.877,12.5359
256.279,11.5333
256.485,11.3911
256.705,11.4201
257.051,10.9723
257.49,9.35071
257.678,8.76446
257.772,8.98208
257.852,9.82627
257.914,11.1197
257.981,13.3217
258.053,16.7332
258.147,22.5566
258.318,33.9858
258.404,37.7515
258.488,39.1278
258.585,37.8677
258.746,31.8431
258.903,25.6264
259.029,22.0892
259.154,19.7467
259.342,17.6797
259.52,16.7967
259.61,16.7031
260.093,17.9402
260.156,17.9514
260.997,15.9018
262.044,14.559
263.617,13.0572
264.324,13.6522
265.516,12.6747
266.15,11.725
266.384,12.1396
266.656,13.1138
266.807,13.2631
268.166,10.8644
268.235,10.8465
268.505,11.1802
268.985,12.2772
269.783,13.2708
270.375,12.6621
270.998,11.506
271.18,11.8131
271.309,12.7061
271.551,15.7152
271.725,17.6017
271.887,18.1639
272.089,17.4942
272.534,15.329
273.649,12.5205
273.872,12.2998
274.398,13.115
274.854,12.5578
275.321,11.7949
275.414,11.76
275.719,12.3298
276.001,12.9429
276.46,12.4329
276.655,12.7051
276.923,14.1317
277.259,16.2281
277.467,16.5954
278.269,14.9426
279.137,14.2894
279.699,13.4076
279.833,13.3764
280.333,14.0786
280.855,13.4276
281.434,12.6508
281.499,12.6429
281.765,12.6738
282.294,12.2608
283.318,11.0857
283.507,11.0694
283.678,11.3585
283.848,12.1877
284.054,14.0653
284.338,16.933
284.519,17.63
284.535,17.6334
284.752,16.9542
285.056,15.1757
285.224,14.8665
285.434,15.8168
285.67,17.0278
285.719,17.0679
285.905,16.563
286.369,14.4855
286.707,13.6281
286.724,13.6274
286.916,14.1837
287.241,16.3353
287.36,16.5588
287.59,15.9093
287.958,14.5679
288.477,13.8401
289.496,12.9624
290.025,13.3723
290.555,13.835
291.296,14.1234
292.61,12.9335
293.077,12.5662
293.548,12.8569
293.987,12.4747
294.238,13.0198
294.505,13.9188
294.589,14.0027
294.96,13.3704
296.066,10.9443
296.521,9.53615
296.631,9.46783
296.836,9.9444
297.018,10.9387
297.133,12.064
297.257,14.059
297.585,21.3481
297.731,22.9937
297.799,23.1538
297.954,22.3383
298.382,17.4025
298.55,16.1003
298.751,15.4981
298.978,16.1675
299.269,17.4995
299.335,17.5735
299.587,17.0036
299.98,15.6672
300.0,15.6263
300.0,12.9686
350.0,12.958
418.435,12.896
450.0,12.8674
537.989,12.5649
550.0,12.5236
600.0,12.1377
650.0,11.8208
700.0,11.7532
750.0,11.7529
800.0,11.7908
850.0,11.8353
900.0,11.8985
950.0,11.9735
1000.0,12.06
1195.53,12.1135
1250.0,12.1285
1494.41,12.2007
1500.0,12.2023
1750.0,12.1216
2000.0,12.0497
2391.06,11.9548
2500.0,11.9284
2988.82,11.8886
3000.0,11.8877
3500.0,11.8516
4184.35,11.7906
4500.0,11.7624
5379.88,11.6948
5500.0,11.6856
6500.0,11.5895
7500.0,11.5031
8966.47,11.4231
9500.0,11.394
11357.5,11.3212
12250.0,11.2863
14645.2,11.2049
15000.0,11.1929
17932.9,11.0876
20000.0,11.0135
23910.6,10.8972
25000.0,10.8649
29888.2,10.7498
35000.0,10.6295
40200.0,10.5314
40200.0,10.6867
45000.0,10.2341
70000.0,9.24972
92700.0,8.74715
109776.0,8.34029
232000.0,6.57881
336400.0,5.54571
475000.0,4.61735
600000.0,4.08961
1000000.0,3.4918
1200000.0,3.34471
1450000.0,3.5837
1750000.0,3.83425
3100000.0,4.21425
3800000.0,4.4312
4250000.0,4.4535
5270000.0,4.37129
6750000.0,3.19841
7000000.0,3.2114
7500000.0,3.1617
7750000.0,3.1822
8000000.0,3.164
8250000.0,3.176
8875000.0,3.05305
9750000.0,2.9304
1.0E7,2.9313
1.05E7,2.8516
1.175E7,2.8981
1.25E7,2.8797
1.3125E7,2.94985
1.4E7,3.2756
1.4625E7,3.56295
1.5E7,3.6414
1.7E7,3.7251
2.0E7,3.6921
