92-U-234(n,elastic) ENDF/B-VII.1
1.0E-5,67.6253
1.31241E-5,59.5527
1.70876E-5,52.7683
2.2426E-5,46.7349
2.91987E-5,41.6988
3.83206E-5,37.2587
4.98935E-5,33.5928
7.13124E-5,29.5161
1.01926E-4,26.3171
1.45682E-4,23.8585
2.2858E-4,21.6173
3.55803E-4,20.1362
6.67422E-4,18.8661
0.00148489,18.0601
0.00619694,17.531
0.0234661,17.2996
0.0253,17.2844
0.483724,14.7825
1.15529,12.4331
2.37707,9.55301
3.25946,7.46943
3.73459,5.9337
4.02731,4.64103
4.23943,3.42606
4.41336,2.19918
4.60532,0.688233
4.64509,0.413384
4.66896,0.273852
4.68593,0.191989
4.69865,0.142887
4.7082,0.114414
4.71668,0.0960686
4.72305,0.0871422
4.72941,0.0827997
4.73153,0.0824454
4.73789,0.0849042
4.74267,0.0904426
4.74929,0.103855
4.75539,0.122586
4.76229,0.151865
4.76971,0.194016
4.77819,0.257256
4.78721,0.344348
4.79729,0.469494
4.80789,0.638029
4.81956,0.87483
4.83122,1.17588
4.84395,1.59307
4.85721,2.14867
4.86993,2.82649
4.88425,3.803
4.89857,5.07086
4.91289,6.72159
4.92752,8.93838
4.9411,11.6425
4.95467,15.2044
4.96655,19.2901
4.97843,24.6367
4.99031,31.7721
5.00049,39.9425
5.01025,50.3774
5.01916,63.1647
5.02807,80.5644
5.0357,100.852
5.04334,128.318
5.04991,159.978
5.05628,200.157
5.06349,260.699
5.07017,335.177
5.07685,431.875
5.08449,575.335
5.09265,773.783
5.1023,1072.79
5.11503,1562.7
5.13752,2496.21
5.14931,2847.65
5.16068,2991.02
5.16238,2993.32
5.1729,2896.91
5.1863,2538.92
5.21854,1310.06
5.22915,983.255
5.23891,748.589
5.24782,586.053
5.25545,479.999
5.265,381.473
5.27454,311.08
5.28472,257.5
5.29745,210.868
5.31272,172.999
5.33012,143.653
5.35175,118.682
5.37699,98.7638
5.40605,82.924
5.44423,68.7293
5.49196,56.9441
5.54923,47.6336
5.61604,40.4346
5.70301,34.2834
5.80483,29.5774
5.94058,25.5086
6.11027,22.2768
6.3139,19.794
6.65328,17.2774
7.06054,15.5042
7.60355,14.0755
8.49173,12.7238
10.089,11.4469
12.8272,10.363
18.9595,9.14736
22.4406,8.43807
22.6593,8.2671
22.8233,8.49714
23.1453,7.98239
23.2787,7.44502
23.3049,7.43067
23.3441,7.71089
23.3951,8.71968
23.4566,10.0534
23.4933,10.3357
23.556,9.98247
23.6319,9.36736
23.8124,8.85915
24.5973,8.41213
27.2481,7.5245
28.3245,6.89586
29.0877,6.13656
29.6066,5.27073
29.8888,4.55836
30.1379,3.68064
30.3247,2.78535
30.4741,1.87795
30.6277,0.842682
30.6651,0.638429
30.69,0.543984
30.7045,0.514645
30.7107,0.510023
30.7232,0.519041
30.7356,0.559053
30.746,0.623712
30.7564,0.725842
30.7668,0.877007
30.7772,1.09292
30.7862,1.35158
30.7958,1.71783
30.8052,2.19347
30.8145,2.8229
30.8233,3.60043
30.8332,4.74313
30.8425,6.17074
30.8519,8.03228
30.8612,10.4483
30.8706,13.5665
30.8809,18.0733
30.8913,23.9625
30.9013,31.2382
30.9125,41.7695
30.9237,55.3281
30.9361,74.6856
30.9486,99.3933
30.9623,133.723
30.9772,180.721
30.9947,248.918
31.0171,356.785
31.0835,724.759
31.1116,829.412
31.1356,861.48
31.1599,833.373
31.1873,738.451
31.2612,361.02
31.2844,263.995
31.3043,198.79
31.323,152.174
31.3396,120.991
31.3562,97.6957
31.3734,80.1231
31.3915,66.7934
31.4133,55.7928
31.4351,48.3361
31.4642,41.6627
31.4994,36.3199
31.5513,31.1838
31.624,26.6071
31.7236,22.7063
31.8419,19.8165
32.0059,17.3294
32.2342,15.2646
32.5746,13.5171
32.9897,12.3114
33.7203,11.1604
35.0862,10.139
37.818,9.22479
43.1346,7.99851
44.5236,7.39474
45.0271,6.93866
45.239,6.51872
45.3927,5.98857
45.4139,5.97354
45.4563,6.12951
45.4961,6.59975
45.5484,7.72388
45.6299,9.68837
45.6796,10.1969
45.6895,10.208
45.7571,9.68023
45.8717,8.28086
45.9677,7.68352
46.1664,7.13855
46.9802,5.68634
47.3271,4.79685
47.5876,3.83798
47.7612,2.97132
47.9175,1.98857
48.0401,1.15942
48.076,0.980385
48.0987,0.924237
48.1036,0.921946
48.1172,0.941131
48.1302,1.00611
48.1432,1.13518
48.153,1.28894
48.1644,1.55063
48.1758,1.92866
48.1856,2.37343
48.1964,3.03645
48.2073,3.9267
48.2181,5.10762
48.229,6.65717
48.2398,8.66992
48.2518,11.5543
48.2637,15.3146
48.2757,20.1593
48.2887,26.9626
48.3017,35.6877
48.3147,46.7114
48.3299,63.001
48.3451,83.5639
48.362,112.169
48.3829,156.345
48.4063,218.051
48.4393,323.118
48.5018,533.225
48.5357,611.666
48.5659,638.942
48.5676,639.116
48.5965,619.989
48.6243,566.488
48.6733,421.209
48.7215,271.909
48.751,197.468
48.7749,150.199
48.7966,117.001
48.8183,91.9624
48.8411,72.8326
48.8639,59.3161
48.8867,49.862
48.9095,43.2295
48.9409,37.0566
48.9789,32.288
49.0332,28.0038
49.0983,24.6983
49.1808,21.8997
49.3045,19.1771
49.476,16.8558
49.7148,14.9365
50.01,13.5291
50.4094,12.3921
51.028,11.3881
52.3363,10.3551
54.827,9.5239
61.2314,8.63419
70.0891,7.60587
73.2488,6.85082
74.5817,6.19398
75.3118,5.5579
75.8515,4.77469
76.1917,3.99349
76.4298,3.20009
76.6135,2.37297
76.7904,1.43728
76.8176,1.33402
76.8448,1.2886
76.8629,1.31508
76.8788,1.39705
76.8958,1.57321
76.9094,1.80531
76.923,2.14671
76.9378,2.679
76.9514,3.36569
76.965,4.29393
76.9786,5.52793
76.9922,7.14459
77.0058,9.23463
77.0194,11.9031
77.0353,15.9072
77.0512,21.0743
77.067,27.6372
77.0852,37.1629
77.1045,50.0466
77.126,68.3054
77.151,95.0863
77.1786,132.171
77.2167,194.799
77.3065,358.738
77.3501,413.773
77.388,432.284
77.3909,432.413
77.4308,415.823
77.4671,374.837
77.536,260.772
77.5886,174.764
77.6249,127.081
77.6538,97.4445
77.6816,75.6149
77.7094,59.404
77.7372,47.7126
77.7667,39.0318
77.795,33.2727
77.829,28.6
77.8744,24.663
77.9424,21.2098
78.0286,18.6224
78.1578,16.2452
78.337,14.2659
78.5865,12.6442
78.8949,11.4549
79.3121,10.4853
80.0573,9.50931
81.1691,8.71709
83.9947,7.59202
87.5748,6.2538
89.2342,5.3162
90.3615,4.37649
91.1404,3.46631
91.7331,2.55
92.2072,1.64052
92.7067,0.57831
92.821,0.366372
92.893,0.255764
92.9459,0.191799
92.9861,0.156344
93.02,0.137481
93.0496,0.130849
93.0539,0.130746
93.0793,0.135051
93.1039,0.148072
93.1301,0.172874
93.1555,0.209255
93.1809,0.259563
93.2105,0.338611
93.2401,0.443255
93.2698,0.578092
93.3036,0.776319
93.3375,1.03144
93.3724,1.36774
93.4095,1.82567
93.4476,2.43483
93.4857,3.22575
93.5238,4.25751
93.5619,5.61674
93.5957,7.20618
93.6296,9.30599
93.6592,11.7446
93.6889,15.005
93.7143,18.7491
93.7397,23.7638
93.7608,29.3069
93.782,36.5612
93.8032,46.1261
93.8243,58.7887
93.8455,75.5611
93.865,95.7068
93.884,120.961
93.9069,160.36
93.9276,206.716
93.9513,274.792
93.975,361.99
94.0021,488.754
94.0318,664.053
94.0699,947.074
94.1257,1457.41
94.2053,2200.96
94.2494,2485.22
94.293,2598.16
94.2954,2598.81
94.3408,2502.43
94.3916,2183.64
94.5186,1050.99
94.5567,774.689
94.5914,575.386
94.6219,440.362
94.6498,345.502
94.6765,276.498
94.707,218.119
94.7375,176.281
94.7694,145.138
94.8065,120.111
94.8488,100.74
94.9017,84.5871
94.9673,71.2768
95.052,59.7854
95.1536,50.472
95.2869,42.2692
95.452,35.5703
95.6447,30.3806
95.8987,25.8726
96.2373,22.0446
96.5929,19.4394
97.1348,16.8829
97.9476,14.5973
99.0313,12.8193
100.665,11.2359
104.263,8.69563
104.985,7.75892
105.286,7.05366
105.501,6.21957
105.645,5.59686
105.661,5.588
105.693,5.68359
105.731,6.10467
105.759,6.76157
105.787,7.8357
105.815,9.45252
105.844,11.7358
105.872,14.7876
105.905,19.3911
105.946,26.6598
106.067,51.3629
106.117,58.2805
106.165,60.5975
106.214,58.1991
106.279,49.4651
106.388,31.0303
106.441,24.2366
106.488,19.8575
106.535,16.8943
106.582,14.9749
106.65,13.345
106.718,12.4183
106.853,11.3756
107.155,10.1835
107.727,8.97821
109.004,6.80806
109.481,5.62254
109.797,4.51813
110.024,3.4716
110.27,2.0577
110.34,1.67693
110.382,1.52447
110.41,1.4995
110.435,1.57164
110.456,1.73923
110.473,1.97522
110.492,2.372
110.508,2.91243
110.525,3.67422
110.542,4.72416
110.559,6.14539
110.576,8.0399
110.592,10.5308
110.61,13.9175
110.629,18.6536
110.647,24.6766
110.665,32.2727
110.687,43.8812
110.71,59.8749
110.732,79.5793
110.758,107.372
110.788,150.237
110.825,213.905
110.872,314.505
110.969,540.045
111.017,620.379
111.065,655.093
111.073,655.786
111.114,636.942
111.154,584.839
111.221,450.783
111.301,280.517
111.346,202.495
111.383,151.201
111.418,115.859
111.447,92.9842
111.477,75.7653
111.511,61.2706
111.544,51.3863
111.586,43.1053
111.629,37.698
111.685,33.0271
111.755,29.2982
111.861,25.6802
112.021,22.313
112.242,19.4979
112.55,17.1896
112.931,15.4986
113.446,14.1259
114.367,12.7624
115.745,11.7067
118.599,10.6452
125.023,9.57235
138.152,8.02038
141.082,7.38946
143.078,6.57998
144.043,5.83378
144.585,5.126
144.959,4.36814
145.23,3.55826
145.528,2.35755
145.58,2.29032
145.609,2.37288
145.632,2.53537
145.657,2.88687
145.68,3.38256
145.701,4.07519
145.723,5.12171
145.742,6.3982
145.765,8.32715
145.787,10.9044
145.809,14.278
145.831,18.6083
145.856,24.7464
145.883,33.373
145.911,44.7756
145.945,61.5646
145.986,87.7167
146.045,133.773
146.151,222.338
146.208,255.273
146.262,268.208
146.27,268.313
146.319,258.97
146.38,226.817
146.531,113.5
146.583,82.2101
146.623,63.1373
146.66,49.8424
146.697,39.8924
146.734,32.6582
146.777,26.8099
146.822,22.8341
146.871,19.9718
146.94,17.5233
147.038,15.5047
147.166,13.9197
147.413,12.1119
147.777,10.6162
148.221,9.52142
149.493,7.53857
150.316,6.14633
150.7,5.21077
151.019,4.1275
151.238,3.12113
151.392,2.36734
151.436,2.25291
151.458,2.25253
151.485,2.34207
151.512,2.583
151.533,2.90886
151.554,3.40717
151.576,4.19222
151.596,5.24032
151.617,6.67883
151.636,8.46567
151.658,11.1636
151.68,14.7255
151.702,19.3447
151.725,25.6484
151.748,33.6533
151.776,45.8675
151.806,62.4051
151.84,86.6153
151.878,119.7
151.932,177.935
152.059,331.981
152.115,379.775
152.17,399.329
152.177,399.614
152.227,386.892
152.275,353.058
152.362,260.708
152.444,169.762
152.496,123.287
152.54,92.7553
152.581,71.1959
152.615,57.76
152.65,47.6942
152.691,39.0638
152.725,34.0005
152.773,29.134
152.835,25.2376
152.917,22.1679
153.041,19.4822
153.192,17.4571
153.411,15.5959
153.708,14.0491
154.267,12.4084
154.926,11.3503
155.584,10.6875
157.14,9.74526
161.031,8.51066
167.313,6.87901
169.921,5.88293
171.537,4.9656
172.616,4.08494
173.368,3.23999
173.891,2.4729
174.329,1.67928
174.848,0.610785
174.946,0.441963
175.003,0.365195
175.048,0.322585
175.085,0.303722
175.101,0.301161
175.134,0.309324
175.166,0.339392
175.195,0.388853
175.224,0.466259
175.25,0.570443
175.277,0.715199
175.301,0.895845
175.328,1.15904
175.35,1.45405
175.375,1.87654
175.399,2.43867
175.424,3.18861
175.447,4.14339
175.469,5.28153
175.49,6.75028
175.512,8.64335
175.533,11.0773
175.558,14.7066
175.582,19.494
175.608,26.0589
175.632,34.2729
175.657,44.811
175.681,58.1775
175.71,78.0775
175.739,103.482
175.771,140.398
175.807,192.026
175.85,269.179
175.899,379.621
175.995,642.057
176.082,863.344
176.141,958.813
176.191,986.068
176.245,954.219
176.308,849.609
176.414,579.749
176.489,391.009
176.54,285.215
176.585,212.841
176.624,163.818
176.663,126.357
176.701,98.7573
176.738,79.3312
176.775,65.13
176.818,53.3737
176.867,44.2649
176.922,37.4773
176.995,31.6378
177.087,26.9615
177.194,23.3257
177.357,19.5615
177.553,16.5657
177.807,13.9622
178.093,11.9285
178.512,9.82464
179.152,7.51143
180.458,3.482
181.154,1.08047
181.259,0.772997
181.328,0.61677
181.369,0.550135
181.41,0.512353
181.428,0.507362
181.46,0.520664
181.488,0.559579
181.511,0.616411
181.538,0.721488
181.566,0.877924
181.593,1.10178
181.617,1.37035
181.643,1.76761
181.667,2.25466
181.692,2.89934
181.717,3.7994
181.74,4.88156
181.762,6.29444
181.785,8.13753
181.808,10.5372
181.832,13.8305
181.856,18.1423
181.88,23.7547
181.904,31.0083
181.928,40.3062
181.956,54.0345
181.983,71.8269
182.011,94.5472
182.043,128.762
182.076,174.194
182.113,237.245
182.157,332.63
182.21,475.832
182.366,971.195
182.431,1124.56
182.491,1185.19
182.502,1186.73
182.556,1151.67
182.607,1058.55
182.696,809.017
182.798,501.741
182.856,357.199
182.9,271.536
182.944,205.045
182.982,160.821
183.024,125.088
183.066,99.3125
183.107,80.9563
183.149,67.9139
183.195,57.7902
183.259,48.289
183.332,41.2353
183.423,35.3528
183.552,29.8257
183.716,25.0511
183.922,20.9875
184.211,17.1121
184.586,13.6086
185.136,9.76875
186.016,4.14421
186.322,2.12379
186.417,1.59689
186.477,1.34678
186.522,1.23396
186.552,1.21272
186.582,1.25252
186.613,1.37597
186.635,1.54251
186.658,1.79281
186.681,2.17534
186.704,2.68408
186.727,3.39036
186.75,4.37751
186.77,5.4909
186.793,7.12798
186.816,9.28595
186.838,12.1123
186.861,15.7905
186.883,20.5444
186.908,27.4185
186.933,36.3993
186.958,48.0088
186.986,64.5379
187.014,85.8791
187.042,113.562
187.072,151.092
187.105,203.237
187.144,281.372
187.189,395.292
187.246,574.477
187.4,1129.63
187.464,1297.45
187.526,1368.04
187.538,1369.73
187.592,1327.94
187.658,1182.43
187.782,771.297
187.858,528.765
187.914,385.981
187.961,293.177
188.006,225.791
188.051,176.162
188.09,144.789
188.134,118.971
188.178,100.608
188.222,87.4506
188.275,76.2416
188.345,66.0683
188.437,57.1965
188.563,49.3147
188.713,42.9819
188.954,36.4155
189.24,31.5047
189.636,27.2199
190.187,23.5887
190.809,21.0425
191.611,18.9192
193.13,16.4545
194.058,15.0527
194.297,15.6379
194.532,16.3544
194.556,16.3559
195.225,15.1705
197.506,13.7914
203.03,12.0659
206.251,10.9683
207.154,10.1368
207.58,9.16858
207.782,8.65315
207.856,8.90205
207.915,9.6253
207.959,10.6542
208.004,12.2403
208.053,14.7864
208.112,19.0244
208.186,25.9454
208.325,39.8784
208.401,44.7434
208.458,45.9196
208.529,44.304
208.621,38.4487
208.779,26.1091
208.861,21.3887
208.944,18.306
209.047,16.1638
209.126,15.2619
209.283,14.3072
209.725,13.2228
210.608,12.4181
213.308,11.6142
220.294,10.5937
220.584,10.4555
220.915,10.9346
221.16,11.2111
222.217,10.7492
225.319,10.1861
225.954,9.73786
226.203,9.42424
226.348,9.63634
226.451,10.3096
226.74,13.5912
226.849,14.0235
226.99,13.5042
227.26,11.8461
227.543,11.1769
228.33,10.7344
234.511,9.83066
235.872,9.39817
236.618,8.79153
237.1,7.84524
237.178,7.83107
237.26,8.2056
237.328,9.09785
237.382,10.3852
237.444,12.6463
237.512,16.1577
237.62,23.3713
237.735,30.9694
237.814,34.0631
237.868,34.6828
237.937,33.6747
238.031,29.7962
238.204,20.7394
238.301,17.1004
238.393,14.8915
238.504,13.4297
238.663,12.4638
238.92,11.7977
239.635,11.067
241.395,10.5014
252.103,9.39943
253.371,8.95059
253.832,8.52589
253.962,8.75594
254.082,9.42481
254.352,11.6334
254.469,11.9421
254.638,11.4426
254.828,10.5495
255.088,9.88851
256.689,8.75034
257.269,8.00041
257.543,7.39216
257.623,7.3479
257.704,7.63429
257.764,8.2678
257.825,9.46589
257.875,11.0343
257.936,13.7264
258.002,17.7409
258.132,27.7792
258.237,35.166
258.319,38.4238
258.36,38.8782
258.429,37.8833
258.522,33.7343
258.717,22.0006
258.801,18.2212
258.887,15.6249
258.973,14.0162
259.041,13.2121
259.202,12.2021
259.524,11.3865
260.008,10.8375
261.436,10.208
267.034,9.49107
272.786,8.83877
274.622,8.27029
275.354,7.62398
275.78,6.90816
275.855,7.01304
275.931,7.4882
275.988,8.24486
276.046,9.53548
276.106,11.4964
276.173,14.5243
276.263,19.8506
276.414,29.2088
276.503,32.6587
276.57,33.4377
276.64,32.4723
276.736,28.8517
276.934,19.2355
277.031,15.7884
277.126,13.6242
277.22,12.3384
277.296,11.7144
277.471,10.9426
277.646,10.5441
278.378,9.7861
280.399,9.0608
285.101,7.84797
286.517,7.19166
287.547,6.41856
288.268,5.56003
288.783,4.63355
289.147,3.70444
289.464,2.64165
289.607,2.15458
289.676,2.0132
289.69,2.00407
289.733,2.04558
289.765,2.17168
289.797,2.41853
289.829,2.83555
289.856,3.3913
289.883,4.15076
289.91,5.19313
289.936,6.59461
289.963,8.44621
289.991,10.9564
290.019,14.2032
290.05,19.0167
290.082,25.2553
290.116,33.7572
290.153,45.9599
290.193,62.3752
290.237,85.1953
290.286,117.343
290.35,169.427
290.467,285.024
290.573,385.536
290.652,435.33
290.724,450.557
290.795,434.999
290.862,396.132
290.979,293.891
291.093,191.026
291.159,141.92
291.216,108.83
291.269,84.59
291.323,66.4441
291.376,53.2837
291.43,43.9573
291.492,36.5541
291.557,31.5416
291.647,27.1712
291.775,23.5891
291.904,21.3823
292.142,18.7961
292.459,16.7121
292.894,14.9923
293.489,13.6061
294.439,12.3577
295.39,11.6217
297.559,10.6564
303.752,8.87612
305.031,8.13349
305.819,7.22979
306.234,6.35476
306.553,5.38314
306.606,5.30335
306.681,5.4324
306.737,5.8874
306.783,6.66876
306.821,7.67674
306.858,9.13874
306.9,11.4766
306.94,14.6075
306.984,19.1524
307.032,25.6954
307.085,35.0908
307.149,49.3124
307.257,78.9628
307.379,111.775
307.462,126.778
307.54,131.491
307.612,127.031
307.687,114.606
307.914,60.2968
307.993,45.0725
308.053,36.2852
308.12,29.084
308.185,24.1924
308.261,20.4854
308.336,18.1934
308.412,16.7543
308.564,15.1334
308.798,13.8478
309.276,12.5132
310.01,11.5257
311.665,10.5417
317.742,8.8583
319.585,7.96449
320.558,6.99101
321.044,6.11392
321.384,5.14894
321.567,4.5298
321.661,4.37655
321.711,4.47476
321.761,4.82316
321.803,5.41601
321.845,6.41513
321.882,7.79298
321.918,9.63047
321.954,12.2252
321.991,15.6905
322.032,20.8422
322.073,27.5482
322.12,37.4251
322.172,51.1486
322.235,72.2407
322.34,114.25
322.464,164.262
322.551,188.474
322.632,196.358
322.709,189.451
322.79,169.495
323.017,87.5114
323.094,64.9146
323.162,49.5514
323.223,39.4553
323.284,32.1835
323.343,27.2175
323.411,23.3666
323.493,20.4789
323.603,18.2596
323.767,16.4581
324.01,14.9717
324.253,14.0383
324.788,12.8087
325.822,11.6465
327.32,10.8458
330.586,9.71397
330.952,9.48761
331.183,9.85527
331.541,11.049
331.637,11.1262
332.39,10.186
334.756,9.63241
341.899,8.49247
344.859,7.58326
346.348,6.69483
347.217,5.793
347.776,4.87525
348.148,3.98688
348.563,2.69992
348.642,2.58614
348.686,2.63242
348.721,2.7682
348.757,3.05262
348.786,3.41865
348.82,4.05942
348.854,5.00458
348.883,6.12932
348.916,7.85167
348.946,9.86138
348.98,13.023
349.013,16.9215
349.048,22.2127
349.087,29.7544
349.13,40.4116
349.174,54.5695
349.225,74.6491
349.287,105.684
349.371,156.77
349.545,271.973
349.636,314.658
349.719,329.888
349.724,330.004
349.809,317.918
349.905,276.944
350.131,141.464
350.206,104.39
350.268,80.4054
350.326,63.0626
350.385,50.0888
350.443,40.6806
350.501,34.0104
350.569,28.7092
350.631,25.4501
350.724,22.2902
350.817,20.2949
351.003,17.8606
351.298,15.6524
351.686,13.9413
352.245,12.4655
353.283,10.8806
356.017,8.01187
356.771,6.83627
357.31,5.58852
357.683,4.35078
357.965,3.27944
358.023,3.17251
358.081,3.22829
358.124,3.45882
358.163,3.88839
358.197,4.48258
358.23,5.36518
358.263,6.62589
358.296,8.37408
358.327,10.5714
358.361,13.7639
358.395,17.9507
358.433,23.8942
358.47,31.5498
358.512,42.4117
358.557,57.6418
358.607,78.6063
358.667,110.532
358.749,163.63
358.951,312.05
359.039,356.617
359.12,373.237
359.125,373.389
359.201,363.085
359.274,333.504
359.393,258.713
359.535,163.543
359.616,119.477
359.684,90.5395
359.749,70.1003
359.811,55.6654
359.873,45.4085
359.935,38.2717
360.008,32.6866
360.095,28.4464
360.194,25.4466
360.36,22.4764
360.642,19.6362
361.056,17.3025
361.669,15.3984
362.718,13.6501
363.578,12.565
363.88,12.9382
364.221,13.6073
364.246,13.6104
365.225,12.4863
367.884,11.5615
374.338,10.631
385.062,9.5178
386.714,9.018
387.214,8.76217
387.608,9.28162
387.857,9.5086
389.384,7.76162
389.83,6.80463
390.043,6.38281
390.123,6.51616
390.187,6.94803
390.242,7.72005
390.298,9.03161
390.345,10.6767
390.391,12.9524
390.447,16.6797
390.503,21.6471
390.568,29.1128
390.652,41.1651
390.864,75.6587
390.962,86.3642
391.051,89.6946
391.14,86.2989
391.255,74.0534
391.47,43.8994
391.558,34.117
391.638,27.4338
391.718,22.6967
391.792,19.686
391.872,17.5541
391.978,15.8353
392.138,14.4822
392.488,13.1528
393.084,12.1409
393.977,11.4308
396.474,10.6605
408.829,9.39858
410.469,8.9271
411.294,8.26963
411.741,7.68943
411.827,7.83715
411.913,8.33738
412.003,9.4838
412.078,11.1168
412.153,13.4877
412.25,17.6213
412.495,30.1285
412.604,33.5867
412.682,34.325
412.772,33.3008
412.896,29.3307
413.117,20.4006
413.226,17.0479
413.318,15.0881
413.434,13.5
413.562,12.5177
413.734,11.8503
414.25,11.0598
415.309,10.4822
418.938,9.91596
432.766,8.98353
434.556,8.53556
435.475,7.79833
435.622,8.00068
435.728,8.56971
435.833,9.69157
435.95,11.6803
436.236,17.8838
436.359,19.3149
436.403,19.4596
436.498,19.1153
436.65,17.1531
436.892,13.3578
437.048,11.7592
437.203,10.8758
437.437,10.2702
438.138,9.66061
439.955,8.76058
440.25,8.57578
440.427,8.79476
440.634,9.7495
440.953,11.7905
441.095,12.0877
441.314,11.5804
441.698,10.234
442.111,9.72094
443.981,9.21995
450.019,8.36701
452.046,7.75911
453.152,7.04474
453.778,6.22743
454.208,5.356
454.269,5.3215
454.361,5.51484
454.43,6.0156
454.488,6.81702
454.545,8.12005
454.591,9.63559
454.637,11.6701
454.691,14.8171
454.75,19.3737
454.815,25.8387
454.895,35.7349
455.153,73.5655
455.256,83.8279
455.349,87.1838
455.44,84.485
455.545,75.1329
455.812,41.3953
455.908,31.8516
455.981,26.2042
456.055,21.98
456.147,18.3425
456.245,15.9158
456.368,14.1689
456.552,12.8327
456.846,11.7825
457.362,10.8277
458.393,9.87914
461.723,8.06283
462.466,7.3125
463.168,6.07886
463.271,6.18296
463.349,6.60516
463.41,7.30672
463.474,8.50879
463.537,10.3646
463.6,13.0367
463.663,16.6567
463.736,22.0315
463.828,30.7228
464.051,54.0866
464.159,61.6607
464.25,63.9542
464.336,62.2425
464.448,55.2992
464.71,31.6305
464.798,25.4164
464.871,21.6166
464.929,19.5114
465.004,17.9554
465.08,17.5528
465.152,18.0522
465.295,20.6236
465.485,24.2468
465.6,25.0043
465.72,24.2026
465.916,20.5143
466.131,16.2786
466.292,14.2146
466.478,12.923
466.793,11.9546
467.424,11.1231
468.979,10.2493
472.988,9.35428
480.686,8.06614
483.637,7.0947
485.102,6.1925
485.98,5.31395
486.566,4.45291
487.017,3.54192
487.558,2.12871
487.67,1.93391
487.693,1.92207
487.738,1.9457
487.783,2.05865
487.828,2.30385
487.87,2.70672
487.904,3.19438
487.942,3.97666
487.975,4.89325
488.008,6.16051
488.042,7.82169
488.076,9.96711
488.116,13.2212
488.154,17.2924
488.194,22.9012
488.239,30.8695
488.285,41.0403
488.335,55.5335
488.393,76.3636
488.459,106.777
488.54,153.005
488.676,246.592
488.824,349.106
488.928,398.762
489.027,416.852
489.034,416.898
489.117,405.158
489.22,363.231
489.399,250.541
489.531,168.9
489.617,125.872
489.693,96.189
489.761,75.9974
489.825,61.3839
489.896,49.7654
489.966,41.5446
490.051,34.8513
490.149,29.8641
490.262,26.3037
490.442,22.9008
490.713,19.9516
491.096,17.4949
491.659,15.4101
492.493,13.7027
493.507,12.5301
495.4,11.3343
501.358,9.3595
502.483,8.6553
503.133,7.86293
503.265,8.01518
503.353,8.45253
503.428,9.17007
503.52,10.6525
503.612,12.9238
503.72,16.577
503.987,27.303
504.11,30.3064
504.19,30.8929
504.29,30.0272
504.433,26.4209
504.687,18.3798
504.812,15.4898
504.937,13.5862
505.076,12.3512
505.269,11.4808
505.77,10.6147
507.039,9.72331
508.856,8.64538
509.492,7.93835
509.908,7.23881
510.008,7.20596
510.107,7.44804
510.181,7.96445
510.258,8.97423
510.328,10.4584
510.397,12.6266
510.475,16.0074
510.563,21.0452
510.712,31.7656
510.877,43.3772
510.992,48.3358
511.073,49.3723
511.159,48.116
511.273,43.3381
511.563,25.9575
511.681,20.5996
511.786,17.2558
511.892,15.0635
512.012,13.5469
512.211,12.2827
512.508,11.4326
513.104,10.5707
514.351,9.32928
515.014,8.42414
515.162,8.64223
515.266,9.24409
515.369,10.4093
515.476,12.2947
515.63,16.1142
515.831,21.1631
515.957,22.952
516.015,23.2026
516.112,22.8107
516.266,20.5859
516.516,15.8715
516.651,13.9685
516.831,12.4073
517.089,11.365
518.008,9.9059
518.24,9.73185
518.438,10.0342
518.656,11.1405
518.959,13.0204
519.091,13.3201
519.28,13.0118
519.626,11.6339
519.957,10.8755
520.551,10.3997
524.633,9.21362
525.464,8.70267
525.699,9.03452
525.855,9.75543
526.239,12.2821
526.398,12.6479
526.623,12.1297
527.015,10.6114
527.438,9.96181
528.998,9.42325
537.889,8.00869
541.019,7.12392
542.862,6.2
543.867,5.39214
544.588,4.5468
545.119,3.67937
545.562,2.72446
545.887,1.94622
545.976,1.80653
546.02,1.78085
546.079,1.82775
546.124,1.95558
546.168,2.20145
546.212,2.61357
546.252,3.17921
546.289,3.92103
546.325,4.88635
546.365,6.34834
546.404,8.31159
546.443,10.7933
546.483,14.1248
546.527,18.924
546.573,25.3496
546.623,34.4472
546.673,46.0575
546.726,61.4754
546.791,85.134
546.861,116.655
546.963,173.076
547.206,324.982
547.315,373.114
547.421,392.512
547.436,392.739
547.523,381.731
547.63,342.649
547.808,243.653
547.957,160.526
548.047,119.782
548.127,91.519
548.198,72.1957
548.266,58.1457
548.339,46.9261
548.413,38.9568
548.502,32.4498
548.605,27.5961
548.724,24.1371
548.889,21.1674
549.137,18.4735
549.503,16.0493
549.976,14.1026
550.697,12.2307
552.297,9.54505
553.321,7.75538
553.888,6.34727
554.378,4.75709
554.454,4.65016
554.525,4.73786
554.591,5.11338
554.64,5.68833
554.69,6.62638
554.74,8.05663
554.784,9.90519
554.832,12.5737
554.879,16.1564
554.928,21.1077
554.978,27.4929
555.034,36.8042
555.096,49.5737
555.17,69.0265
555.271,101.72
555.517,191.255
555.626,219.497
555.73,230.709
555.749,230.885
555.851,222.079
555.972,193.817
556.258,101.574
556.357,76.0448
556.446,58.2429
556.526,46.5005
556.609,37.7471
556.691,31.6742
556.786,27.0593
556.875,24.1916
557.003,21.6057
557.173,19.5366
557.512,17.1854
558.079,15.0253
559.367,12.2237
559.984,10.9609
560.134,11.193
560.243,11.9255
560.363,13.5434
560.489,16.341
560.824,26.035
560.962,28.2056
561.023,28.4475
561.131,27.7819
561.311,24.4383
561.577,18.6635
561.726,16.4665
561.875,15.1019
562.104,14.0101
562.492,13.1941
563.527,12.2258
566.663,10.9204
570.533,9.54679
571.968,8.52873
572.569,7.71954
573.157,6.45968
573.224,6.4022
573.331,6.59401
573.411,7.1719
573.478,8.13555
573.531,9.35837
573.585,11.1071
573.645,13.858
573.698,17.1369
573.763,22.2815
573.839,30.2092
573.919,40.7485
574.053,62.1822
574.232,91.4354
574.349,104.468
574.453,108.599
574.552,105.391
574.657,95.5588
574.983,49.8704
575.088,38.3631
575.18,30.8109
575.272,25.4032
575.375,21.3397
575.476,18.8541
575.576,17.2782
575.776,15.5427
576.017,14.4702
576.538,13.2245
577.58,12.0132
580.414,10.2245
581.125,9.432
581.454,9.04254
581.603,9.27069
581.702,9.81551
581.804,10.8709
581.909,12.5877
582.047,15.8072
582.312,22.8253
582.445,24.878
582.53,25.2385
582.642,24.5545
582.832,21.3377
583.082,16.4876
583.267,14.1152
583.424,12.9489
583.664,12.0036
584.665,10.2063
584.754,10.2055
584.886,10.5026
584.987,11.1059
585.13,12.6994
585.313,15.9235
585.548,20.2436
585.69,21.5569
585.742,21.6588
585.898,20.8128
586.314,15.3861
586.482,13.9443
586.676,13.0069
586.87,12.5204
587.681,11.745
590.242,10.956
592.708,10.3291
593.367,9.96722
593.576,10.1947
593.792,10.9888
594.182,12.9184
594.337,13.1519
594.54,12.8411
594.95,11.669
595.419,11.1021
597.721,10.5928
610.591,9.57726
612.456,9.12677
613.286,8.54691
613.563,8.30713
613.736,8.46611
613.865,9.06041
613.969,10.0264
614.09,11.8549
614.237,15.0612
614.498,21.4097
614.637,23.3848
614.707,23.6964
614.835,23.0602
614.998,20.5855
615.274,15.5339
615.447,13.3937
615.646,12.04
615.871,11.3392
616.433,10.7104
618.441,10.0558
622.952,9.22659
624.162,8.61263
624.814,7.94214
624.955,8.09197
625.05,8.50031
625.144,9.32076
625.243,10.7952
625.343,13.034
625.451,16.3916
625.775,28.6156
625.909,31.7017
626.002,32.3063
626.127,31.0925
626.306,26.4367
626.548,19.1645
626.689,16.0841
626.816,14.2164
626.958,12.9494
627.147,12.0595
627.525,11.3269
627.903,10.9784
629.669,10.3143
635.878,9.389
636.306,9.22166
636.675,9.50238
637.198,10.5489
637.31,10.6053
638.358,9.813
641.695,8.96789
642.55,8.36043
642.731,8.62739
642.866,9.3131
643.006,10.6558
643.179,13.1741
643.441,17.2636
643.597,18.4972
643.653,18.5897
643.821,17.823
644.269,13.0979
644.45,11.918
644.659,11.1826
644.868,10.8147
645.741,10.2589
648.001,9.8486
668.093,8.79456
669.652,8.49222
670.395,8.18084
670.627,8.46231
670.859,9.34444
671.246,11.2968
671.418,11.596
671.618,11.3133
672.16,9.76355
672.686,9.25243
675.399,8.71368
678.481,8.08625
679.412,7.56313
679.965,7.06943
680.106,7.21168
680.242,7.82577
680.347,8.85585
680.453,10.5581
680.561,13.1007
680.701,17.536
680.961,26.4854
681.102,29.4682
681.201,30.0695
681.325,29.0027
681.503,24.8748
681.764,17.6553
681.923,14.4394
682.057,12.68
682.15,11.8577
682.338,10.882
682.713,10.0987
683.568,9.4617
687.56,8.23952
688.511,7.61592
688.966,7.28395
689.113,7.57051
689.212,8.0872
689.334,9.28512
689.436,10.8534
689.566,13.5922
689.884,21.5828
690.03,23.7635
690.115,24.1441
690.248,23.3889
690.445,20.1361
690.713,15.0172
690.848,13.1741
691.003,11.7681
691.158,10.9414
691.448,10.2027
691.737,9.85717
692.895,9.244
698.787,7.91506
699.806,7.4416
700.486,6.83582
700.905,6.41562
701.038,6.60708
701.144,7.15548
701.224,7.94718
701.306,9.24302
701.381,10.9334
701.474,13.8507
701.58,18.3232
701.739,26.8248
701.945,37.891
702.079,42.4328
702.176,43.5179
702.304,41.9247
702.448,36.8464
702.758,22.7254
702.886,18.3186
703.013,15.2122
703.141,13.2062
703.3,11.7578
703.459,10.978
703.841,10.118
704.657,9.32893
706.924,8.02518
707.916,7.04377
708.042,7.16958
708.143,7.56587
708.244,8.4023
708.329,9.603
708.417,11.4338
708.523,14.5344
708.655,19.7386
708.943,32.6588
709.083,36.6894
709.183,37.6429
709.293,36.7013
709.43,33.127
709.765,20.8428
709.906,16.9219
710.037,14.4202
710.188,12.6426
710.39,11.422
710.662,10.6914
711.115,10.1324
712.234,9.50361
715.88,8.75596
722.809,7.9145
724.383,7.50995
725.196,7.11814
725.368,7.31907
725.54,7.91835
725.721,9.06675
726.078,11.8099
726.259,12.4051
726.295,12.4166
726.479,11.9805
726.918,9.75788
727.202,8.9043
727.401,8.60638
728.232,8.13613
732.752,7.08372
733.598,6.66414
733.786,6.79493
733.942,7.21965
734.099,8.05367
734.562,11.7569
734.738,12.3478
734.769,12.3564
734.929,11.9801
735.383,9.38217
735.641,8.44295
735.907,7.98707
736.448,7.62297
739.372,6.91786
745.862,5.60909
748.956,4.68796
750.846,3.90489
752.388,3.04355
753.406,2.2945
754.22,1.54338
755.02,0.703976
755.151,0.592014
755.26,0.530009
755.326,0.518387
755.391,0.538657
755.435,0.577986
755.478,0.646025
755.522,0.75219
755.566,0.908832
755.609,1.13201
755.651,1.42737
755.689,1.78637
755.729,2.2782
755.771,2.95145
755.813,3.82874
755.857,5.01636
755.9,6.54914
755.949,8.78597
755.995,11.4513
756.046,15.2654
756.096,20.1336
756.155,27.243
756.215,36.609
756.28,49.5488
756.355,68.3628
756.443,95.7774
756.556,139.955
756.862,276.734
756.987,316.724
757.108,333.358
757.126,333.665
757.24,322.773
757.379,283.026
757.728,136.866
757.833,100.606
757.93,74.0363
758.015,56.0625
758.09,43.8499
758.16,35.2621
758.236,28.1649
758.313,22.9726
758.402,18.6736
758.503,15.3414
758.62,12.8189
758.751,10.9192
758.947,9.01568
759.204,7.32263
759.542,5.73936
759.934,4.34997
760.407,3.0206
760.844,2.00026
761.189,1.3107
761.435,0.896509
761.608,0.656649
761.744,0.507929
761.853,0.422324
761.935,0.382258
762.008,0.367484
762.081,0.375819
762.151,0.409787
762.222,0.473805
762.29,0.569573
762.363,0.715411
762.431,0.901189
762.508,1.18164
762.581,1.5291
762.656,1.99055
762.736,2.6372
762.816,3.4892
762.896,4.6172
762.968,5.9676
763.041,7.7407
763.114,10.0929
763.179,12.8855
763.245,16.544
763.31,21.3602
763.376,27.7144
763.441,36.0914
763.507,47.0912
763.572,61.4338
763.64,80.53
763.712,107.273
763.785,141.598
763.867,190.731
763.958,259.771
764.074,370.663
764.263,591.504
764.453,811.573
764.595,927.143
764.72,966.086
764.735,966.285
764.85,936.311
764.984,839.477
765.217,584.524
765.391,395.018
765.504,295.577
765.606,225.569
765.69,182.309
765.777,150.195
765.864,130.448
765.93,123.16
765.973,121.657
766.039,124.119
766.123,134.849
766.225,157.684
766.448,227.656
766.619,274.948
766.757,292.64
766.788,293.34
766.9,285.562
767.05,253.725
767.418,141.511
767.543,111.578
767.665,89.6966
767.784,74.5204
767.903,64.0158
768.052,55.315
768.234,48.5881
768.487,42.6597
768.892,36.6527
769.488,31.1175
770.084,27.4839
771.037,23.6362
772.134,20.7667
773.665,18.1495
775.563,16.0107
779.253,12.851
779.534,13.1957
780.148,15.3007
780.281,15.3789
780.68,14.5272
780.976,13.7352
781.567,12.9014
784.78,10.5898
785.953,9.22892
786.589,7.93384
786.915,7.27392
786.935,7.26873
787.053,7.48438
787.139,8.06233
787.21,8.98494
787.281,10.4781
787.353,12.7302
787.424,15.9463
787.489,19.9026
787.563,25.684
787.648,34.3595
787.748,47.0837
787.928,75.2334
788.117,104.101
788.251,117.544
788.365,121.52
788.486,117.568
788.613,105.725
788.973,57.3957
789.094,44.353
789.206,35.2778
789.319,28.8223
789.429,24.5255
789.53,21.8622
789.693,19.2716
789.897,17.5488
790.272,15.951
790.907,14.5548
792.179,13.1548
794.836,11.7505
803.929,8.78458
806.573,7.53678
808.488,6.19289
809.636,5.04022
810.5,3.88501
811.206,2.68197
811.658,1.83471
811.795,1.64836
811.887,1.60335
811.965,1.65935
812.018,1.77013
812.083,2.02465
812.135,2.35007
812.194,2.88359
812.253,3.6389
812.312,4.66678
812.368,5.93549
812.436,7.96775
812.508,10.7192
812.593,14.8592
812.698,21.2611
812.868,33.9312
813.07,48.7757
813.208,55.7424
813.358,58.8502
813.583,59.8989
813.671,63.0713
813.754,69.9814
813.831,81.5415
813.903,98.0529
813.975,121.116
814.06,157.66
814.161,214.316
814.285,301.79
814.573,528.093
814.705,601.747
814.837,633.172
814.865,633.617
814.996,607.317
815.138,534.708
815.496,282.838
815.62,211.845
815.735,160.292
815.84,125.677
815.944,100.431
816.037,84.1536
816.15,70.0913
816.285,58.8144
816.443,50.3078
816.668,42.6968
816.952,36.7206
817.274,32.2457
817.789,27.6142
818.446,23.9443
819.323,20.8639
821.469,16.0637
821.556,16.0206
821.806,16.6609
822.011,18.4565
822.485,24.8381
822.689,25.7827
822.911,24.6448
823.374,19.9005
823.631,18.2694
823.974,17.2073
824.845,16.1082
826.43,15.0933
830.196,13.7869
838.978,12.2685
844.281,11.4119
845.22,10.9966
845.513,11.2042
845.904,12.3796
846.276,13.4702
846.379,13.5449
846.775,13.0058
847.361,12.0523
849.344,11.3828
853.225,10.3714
854.61,9.32175
854.802,9.55457
854.946,10.2452
855.066,11.3558
855.21,13.4812
855.402,17.5541
855.681,23.8773
855.843,25.9679
855.923,26.2682
856.069,25.5518
856.29,22.216
856.587,16.9387
856.779,14.5552
857.009,12.8926
857.278,11.9295
858.372,10.0431
858.474,9.98246
858.627,10.1733
858.784,11.0404
858.914,12.6138
859.021,14.663
859.164,18.5675
859.563,32.4258
859.721,35.6736
859.821,36.2257
859.967,34.9048
860.163,30.2166
860.469,21.6791
860.642,18.2355
860.799,16.2175
860.971,14.893
861.2,13.9693
861.679,13.1536
862.824,12.3854
864.822,11.8152
877.196,10.1863
879.509,9.41031
880.193,8.89495
880.877,8.16277
881.048,8.39469
881.162,8.98294
881.276,10.1613
881.371,11.7456
881.482,14.4986
881.593,18.289
881.744,24.9073
882.026,38.1996
882.18,42.869
882.298,44.018
882.437,42.5004
882.613,37.1387
882.935,24.5706
883.089,19.995
883.243,16.8452
883.409,14.7667
883.523,13.8796
883.751,12.8575
884.252,11.8971
885.474,10.8508
887.496,9.37356
888.162,8.49104
888.531,7.82261
888.679,7.67219
888.827,7.883
888.938,8.56116
889.023,9.59691
889.108,11.2548
889.192,13.7366
889.276,17.2303
889.36,21.8855
889.464,29.304
889.601,41.6928
889.899,71.5184
890.047,81.4702
890.183,84.5574
890.295,82.2963
890.455,72.8544
890.832,41.0868
890.966,32.3896
891.099,26.0561
891.202,22.5925
891.313,20.0001
891.461,17.8125
891.683,16.0751
891.964,14.9986
892.586,13.8462
893.829,12.8197
896.006,12.0657
902.042,11.3028
926.462,10.2784
948.551,9.34742
953.585,8.89753
955.783,8.43911
956.694,8.03711
956.905,8.20146
957.149,8.95726
957.377,10.3567
957.762,13.1002
957.976,13.7122
958.008,13.7138
958.223,13.1888
958.703,10.7821
958.971,9.91729
959.345,9.36233
959.719,9.11614
966.378,7.24848
968.351,6.33316
969.673,5.39374
970.602,4.44744
971.367,3.38165
971.994,2.26619
972.342,1.62293
972.481,1.43512
972.586,1.37982
972.667,1.43345
972.736,1.58944
972.797,1.84977
972.85,2.20105
972.899,2.67733
972.951,3.38057
973.003,4.34734
973.056,5.65135
973.108,7.38201
973.16,9.64592
973.214,12.7149
973.272,16.9507
973.331,22.404
973.395,30.2562
973.46,40.2957
973.535,54.9025
973.618,75.8917
973.711,105.418
973.822,149.608
973.98,225.821
974.245,359.849
974.398,414.491
974.543,435.019
974.558,435.166
974.676,423.377
974.825,380.227
975.085,264.022
975.28,178.821
975.415,131.837
975.53,101.449
975.634,80.7849
975.736,65.8167
975.837,54.923
975.959,45.7932
976.101,38.7841
976.264,33.6536
976.496,29.1006
976.844,25.0156
977.29,21.8311
977.981,18.8857
978.77,16.8547
980.023,14.8646
981.481,13.2254
981.754,13.473
982.452,15.4841
982.588,15.5686
982.998,14.8698
983.604,13.5905
984.802,12.7437
987.668,11.8489
1002.55,9.343
1004.94,8.55803
1006.39,7.72039
1007.37,6.75615
1008.02,5.72086
1008.56,4.63704
1008.65,4.57266
1008.77,4.72033
1008.84,5.06296
1008.92,5.71591
1008.98,6.59346
1009.04,7.87668
1009.11,9.68071
1009.17,12.1358
1009.24,15.7586
1009.31,20.5366
1009.38,27.2886
1009.46,35.8441
1009.55,48.2676
1009.66,69.0297
1009.87,112.76
1010.07,156.309
1010.23,178.481
1010.37,185.166
1010.5,178.934
1010.67,155.794
1011.06,82.5958
1011.2,61.3948
1011.32,48.2055
1011.44,38.4147
1011.55,31.9087
1011.67,26.8605
1011.8,23.5754
1011.98,20.6921
1012.22,18.5992
1012.58,16.8501
1013.09,15.3854
1013.92,14.0379
1015.66,12.6445
1018.02,11.7353
1024.73,10.476
1030.26,9.49165
1032.64,8.73456
1034.26,7.75102
1035.08,6.86579
1035.69,5.81029
1035.91,5.37395
1036.08,5.22622
1036.2,5.40467
1036.28,5.80836
1036.36,6.50975
1036.43,7.6568
1036.49,9.06694
1036.56,11.0023
1036.62,13.5793
1036.69,17.4259
1036.77,22.9768
1036.86,30.6684
1036.96,42.4578
1037.09,60.7168
1037.46,125.128
1037.62,144.018
1037.76,150.487
1037.78,150.495
1037.92,144.742
1038.07,128.733
1038.47,67.8575
1038.62,50.6851
1038.74,40.1026
1038.86,32.138
1038.99,26.6842
1039.11,23.0661
1039.24,20.6907
1039.41,18.6672
1039.69,16.8135
1040.14,15.2581
1041.02,13.7028
1042.49,12.4632
1045.55,11.2802
1048.44,10.4591
1050.19,9.53773
1050.37,9.76238
1050.55,10.4887
1050.75,12.0617
1050.96,14.6716
1051.3,19.3259
1051.5,20.6652
1051.56,20.7711
1051.73,20.2422
1052.06,17.1212
1052.35,14.3998
1052.58,12.99
1052.91,11.9859
1053.24,11.5583
1054.96,10.8148
1063.76,9.29432
1065.66,8.59818
1066.15,8.35645
1066.45,8.61545
1066.69,9.45376
1067.29,12.937
1067.51,13.3742
1067.74,12.8813
1068.35,10.2185
1068.74,9.33104
1069.67,8.46407
1070.98,7.29823
1071.86,6.0579
1071.91,6.03937
1072.03,6.14341
1072.12,6.42768
1072.23,7.18492
1072.31,8.2606
1072.39,9.78937
1072.48,12.025
1072.56,15.0765
1072.65,19.7179
1072.75,26.2254
1072.88,36.6029
1073.28,74.1705
1073.43,84.224
1073.58,87.3924
1073.73,84.1469
1073.9,73.6172
1074.29,41.2033
1074.43,31.9574
1074.55,26.0789
1074.67,21.7453
1074.79,18.4615
1074.92,16.2905
1075.09,14.5133
1075.35,13.0917
1075.8,11.8735
1076.69,10.5804
1080.15,7.44107
1081.02,6.27841
1081.64,5.13033
1082.26,3.68861
1082.42,3.52231
1082.52,3.64577
1082.6,3.97793
1082.67,4.49648
1082.73,5.32323
1082.8,6.56487
1082.86,8.14423
1082.92,10.2761
1082.98,13.2077
1083.04,17.0289
1083.11,22.6986
1083.18,29.9998
1083.26,40.5878
1083.35,56.1601
1083.45,78.1807
1083.59,115.137
1083.94,220.048
1084.1,254.2
1084.25,266.888
1084.26,267.077
1084.39,260.421
1084.56,231.275
1084.99,118.1
1085.13,89.413
1085.25,70.0023
1085.36,55.4434
1085.48,44.9768
1085.6,37.6725
1085.74,31.9796
1085.91,27.5113
1086.09,24.7705
1086.35,22.2158
1086.79,19.694
1087.49,17.3992
1088.67,15.3352
1090.24,13.8797
1091.95,12.8193
1092.92,13.1808
1095.22,12.1963
1103.71,10.3032
1105.52,9.58569
1106.73,8.70942
1107.52,7.64061
1107.95,6.97827
1107.99,6.96365
1108.12,7.11838
1108.22,7.56018
1108.32,8.46346
1108.4,9.72502
1108.49,11.6073
1108.57,14.2722
1108.65,17.8769
1108.75,23.6287
1108.85,31.0551
1108.98,43.462
1109.38,86.9509
1109.54,98.8484
1109.69,102.506
1109.85,98.027
1110.02,86.0026
1110.39,50.5557
1110.55,38.4058
1110.68,31.1999
1110.82,25.5265
1110.96,21.7952
1111.1,19.4215
1111.24,17.9161
1111.53,16.2504
1111.98,14.9643
1112.77,13.823
1114.36,12.7499
1116.97,11.9471
1123.55,10.7501
1125.04,10.1666
1125.36,10.5727
1125.64,11.5795
1126.14,13.9399
1126.32,14.2608
1126.58,13.9284
1127.19,11.9189
1127.69,11.003
1128.41,10.3834
1128.64,10.6135
1128.81,11.1969
1129.02,12.5092
1129.56,17.1659
1129.79,17.9685
1129.97,17.6421
1130.67,13.5054
1131.03,12.3796
1131.56,11.7864
1133.31,11.0475
1134.43,11.5992
1136.34,11.0463
1144.68,9.98708
1146.25,9.49353
1147.2,8.83764
1147.7,8.4223
1147.89,8.59378
1148.01,9.02944
1148.15,10.1323
1148.28,11.7315
1148.4,14.101
1148.55,18.2226
1148.79,26.6994
1149.04,35.2561
1149.21,38.7478
1149.31,39.3579
1149.48,37.9701
1149.7,32.8507
1150.05,22.5951
1150.25,18.4101
1150.39,16.2493
1150.57,14.5114
1150.76,13.5018
1151.09,12.6036
1151.63,11.9609
1153.56,11.0868
1157.63,9.95581
1158.17,9.69629
1158.5,9.95785
1158.75,10.7953
1159.09,12.9057
1159.42,14.8169
1159.63,15.2058
1159.9,14.6144
1160.45,12.2277
1160.8,11.3692
1161.5,10.7531
1164.13,9.74
1165.28,8.88079
1165.6,8.64475
1165.78,8.79852
1165.92,9.24993
1166.07,10.3568
1166.18,11.8793
1166.3,14.0965
1166.45,17.8967
1166.74,27.3913
1166.97,34.2319
1167.14,37.0578
1167.23,37.3622
1167.39,36.0923
1167.61,31.1248
1167.97,21.633
1168.15,18.1315
1168.32,15.835
1168.44,14.7427
1168.68,13.4314
1169.04,12.5613
1169.64,11.9519
1171.32,11.2528
1180.57,9.89753
1182.34,9.19788
1182.52,9.42793
1182.71,10.081
1182.92,11.5326
1183.18,14.4185
1183.51,18.1274
1183.72,19.2559
1183.78,19.3199
1183.93,18.9486
1184.27,16.4117
1184.6,13.6949
1184.79,12.6743
1185.12,11.6628
1185.46,11.2304
1186.9,10.6339
1192.16,9.83741
1193.84,9.31751
1194.31,9.11504
1194.58,9.30231
1194.77,9.82682
1194.99,10.9909
1195.56,15.2705
1195.79,15.9868
1195.83,15.9888
1196.06,15.3909
1196.68,12.1522
1196.87,11.5179
1197.28,10.8415
1197.68,10.5653
1199.82,10.0563
1209.43,8.93337
1212.75,8.16565
1214.21,7.38861
1214.95,6.79078
1215.14,6.98409
1215.3,7.61897
1215.42,8.58517
1215.54,10.2305
1215.67,12.6585
1215.81,16.3893
1216.03,23.8678
1216.31,33.2595
1216.48,36.975
1216.6,37.7751
1216.74,36.8515
1216.91,33.4209
1217.38,19.9098
1217.56,16.1085
1217.73,13.4971
1217.92,11.7615
1218.11,10.7474
1218.41,9.87832
1219.23,8.7549
1220.8,6.93775
1220.84,6.93275
1221.03,7.18996
1221.17,7.88885
1221.27,8.87488
1221.38,10.3979
1221.49,12.6615
1221.6,15.9387
1221.76,21.6923
1222.18,40.9609
1222.36,46.0146
1222.5,47.3688
1222.67,45.4891
1222.86,39.7665
1223.24,24.9679
1223.41,19.8174
1223.58,16.1149
1223.74,13.7612
1223.91,12.1658
1224.12,11.0575
1224.39,10.2554
1225.21,9.01898
1227.48,6.52045
1228.31,5.27434
1228.98,3.93088
1229.26,3.3103
1229.45,3.06913
1229.47,3.06302
1229.55,3.10983
1229.63,3.31728
1229.7,3.62729
1229.76,4.12034
1229.82,4.85489
1229.88,5.90244
1229.94,7.34896
1230.0,9.29501
1230.07,11.8572
1230.13,15.1629
1230.2,20.1451
1230.27,26.8655
1230.35,35.3909
1230.44,47.8023
1230.54,66.2034
1230.66,94.9176
1230.85,147.046
1231.13,225.512
1231.3,259.886
1231.45,272.111
1231.47,272.292
1231.61,264.368
1231.8,232.353
1232.25,119.517
1232.4,90.8236
1232.54,69.6537
1232.65,56.208
1232.77,46.2977
1232.91,38.2009
1233.04,32.7691
1233.2,28.7249
1233.4,25.3311
1233.66,22.7167
1234.05,20.2564
1234.6,18.1054
1235.34,16.3385
1236.57,14.6093
1238.79,12.9399
1244.8,10.1728
1245.8,9.27262
1246.4,8.59837
1246.62,8.84864
1246.76,9.56878
1246.87,10.6
1246.97,12.2062
1247.08,14.518
1247.21,18.3451
1247.37,24.5685
1247.79,44.7263
1247.97,50.2394
1248.11,51.5496
1248.24,50.4408
1248.41,46.0649
1248.89,27.3848
1249.05,22.565
1249.21,19.0813
1249.37,16.7496
1249.58,14.8994
1249.8,13.8857
1250.23,12.8517
1251.45,11.4891
1253.03,10.0206
1253.99,8.78582
1254.15,8.9383
1254.29,9.5412
1254.41,10.702
1254.51,12.122
1254.61,14.5408
1254.72,17.9225
1254.86,23.6131
1255.04,33.0715
1255.38,53.2399
1255.56,60.1632
1255.71,62.0031
1255.84,60.623
1256.01,54.9385
1256.48,32.5943
1256.66,25.6543
1256.82,21.5872
1256.98,18.8532
1257.13,17.0988
1257.29,15.989
1257.6,14.7782
1258.17,13.7759
1259.39,12.763
1261.36,11.9657
1268.35,10.1795
1269.91,9.3518
1270.97,8.16678
1271.31,7.94155
1271.46,8.24633
1271.57,8.86423
1271.68,10.0055
1271.79,11.8746
1271.9,14.6822
1272.01,18.273
1272.13,23.9427
1272.3,33.6379
1272.67,57.8865
1272.85,65.7522
1273.0,68.0982
1273.15,66.0628
1273.34,58.7221
1273.77,35.1767
1273.93,28.1656
1274.1,22.935
1274.26,19.4592
1274.44,17.1164
1274.69,15.402
1275.02,14.3016
1275.92,13.0098
1277.58,11.7243
1277.84,11.6514
1278.27,12.0817
1278.98,13.7135
1279.12,13.7932
1279.63,13.1957
1280.34,12.2341
1281.85,11.6641
1286.43,10.8248
1287.73,10.4485
1288.15,10.9147
1288.88,12.5585
1289.05,12.6464
1289.67,11.8855
1290.22,11.2585
1293.48,9.97472
1293.86,9.77502
1294.14,9.93978
1294.33,10.4716
1294.55,11.738
1294.8,14.1327
1295.21,18.5351
1295.42,19.6781
1295.48,19.7618
1295.74,18.9597
1296.32,14.4069
1296.57,13.1242
1296.82,12.3803
1297.31,11.7411
1297.8,11.4734
1301.54,10.7875
1314.23,9.65786
1318.47,8.96414
1320.97,8.15625
1322.46,7.20183
1323.2,6.35618
1323.76,5.58581
1323.87,5.56141
1324.02,5.81286
1324.12,6.3171
1324.23,7.2536
1324.3,8.30426
1324.39,10.1742
1324.49,12.8191
1324.58,16.3891
1324.69,21.8822
1324.8,29.4414
1324.96,42.4516
1325.34,76.1593
1325.51,87.1392
1325.67,90.8841
1325.68,90.9115
1325.82,88.2958
1325.98,80.1114
1326.45,43.6686
1326.59,34.8383
1326.72,29.479
1326.83,26.3868
1326.96,25.192
1326.98,25.1835
1327.08,25.8955
1327.25,29.1121
1327.68,41.1791
1327.87,43.697
1327.93,43.8121
1328.12,42.0322
1328.37,35.8218
1328.74,25.162
1328.91,21.4407
1329.09,18.6133
1329.29,16.5867
1329.55,15.0623
1329.95,13.9314
1330.61,12.9646
1331.93,11.916
1338.33,9.1648
1339.64,8.13283
1340.4,7.09929
1340.84,6.42348
1340.95,6.39026
1341.06,6.53315
1341.16,6.97511
1341.27,7.88983
1341.35,8.95041
1341.44,10.7636
1341.53,13.3575
1341.62,16.9033
1341.72,21.7195
1341.83,29.4299
1341.97,41.3037
1342.19,64.7241
1342.46,93.2743
1342.64,106.038
1342.79,109.846
1342.96,105.577
1343.16,91.7161
1343.57,53.0742
1343.75,40.2925
1343.89,32.3342
1344.01,27.4098
1344.15,23.3985
1344.32,20.1632
1344.53,17.9122
1344.82,16.2514
1345.28,14.8925
1346.24,13.4665
1347.85,12.3169
1353.19,10.2744
1353.54,10.4567
1354.39,11.9142
1354.5,11.9641
1354.93,11.6152
1355.56,10.698
1357.76,8.92849
1358.53,8.09936
1358.73,8.36637
1358.86,9.04047
1358.96,9.97609
1359.08,11.712
1359.2,14.3239
1359.33,18.2804
1359.47,24.0275
1359.69,35.2181
1359.98,50.6483
1360.17,56.9111
1360.32,58.4791
1360.44,57.201
1360.62,51.9445
1361.13,29.7574
1361.32,23.4537
1361.48,19.7684
1361.65,17.1816
1361.85,15.3026
1362.09,14.0368
1362.55,12.8181
1362.97,12.4051
1363.3,12.7554
1364.04,14.7157
1364.15,14.7984
1364.54,14.3376
1365.11,12.9717
1365.87,12.1131
1368.45,11.2688
1372.21,10.5261
1374.42,9.78142
1375.06,9.4504
1375.31,9.658
1375.54,10.3989
1375.73,11.6876
1375.99,14.3391
1376.39,18.7453
1376.61,20.0165
1376.69,20.0991
1376.91,19.3954
1377.58,14.0419
1377.84,12.7271
1378.15,11.8623
1378.94,11.1289
1381.51,10.4177
1388.91,9.06844
1391.72,8.08745
1392.96,7.27812
1393.87,6.27963
1394.44,5.42996
1394.54,5.37292
1394.67,5.46253
1394.76,5.72192
1394.88,6.41545
1394.97,7.40173
1395.06,8.9211
1395.15,11.004
1395.23,13.8009
1395.33,18.0051
1395.43,24.0776
1395.55,32.9328
1395.7,46.4947
1396.14,94.9541
1396.32,107.947
1396.48,112.438
1396.49,112.453
1396.66,107.929
1396.85,94.885
1397.28,53.6832
1397.45,40.9738
1397.59,32.2236
1397.72,26.9402
1397.87,22.2773
1398.02,19.2255
1398.2,16.9521
1398.45,15.2283
1398.81,13.8408
1399.52,12.4122
1400.68,11.1139
1405.13,7.91319
1406.27,6.70337
1407.08,5.46877
1407.86,3.91727
1408.03,3.76802
1408.13,3.85206
1408.23,4.17355
1408.31,4.71857
1408.38,5.50012
1408.46,6.70173
1408.54,8.42349
1408.61,10.8059
1408.69,14.0049
1408.76,18.1881
1408.84,23.5226
1408.93,31.6625
1409.03,42.3716
1409.15,59.1241
1409.3,86.2192
1409.71,168.153
1409.89,192.828
1410.05,202.709
1410.08,202.984
1410.23,196.888
1410.4,178.214
1410.85,106.611
1411.01,86.8292
1411.16,74.339
1411.34,64.2852
1411.62,55.9367
1412.07,43.6615
1412.47,32.139
1412.72,26.7122
1412.98,23.1942
1413.26,20.8404
1413.74,18.7218
1414.5,16.8907
1415.78,15.1898
1417.32,14.0055
1420.63,12.5892
1429.67,10.1451
1432.23,9.00641
1433.58,7.93407
1434.5,6.86638
1434.58,6.85293
1434.75,7.04408
1434.89,7.56775
1435.03,8.60657
1435.15,10.0834
1435.29,12.5556
1435.45,16.3986
1435.69,24.1254
1435.98,33.1404
1436.16,36.751
1436.29,37.5005
1436.47,36.074
1436.66,31.8807
1437.11,18.125
1437.27,14.3049
1437.4,11.9083
1437.51,10.4398
1437.6,9.86574
1437.66,9.77179
1437.75,10.1359
1437.84,11.2212
1437.92,12.9592
1438.01,15.7259
1438.09,19.6341
1438.18,25.1681
1438.28,33.5266
1438.4,45.7448
1438.53,63.5772
1438.74,97.7974
1439.03,147.905
1439.22,169.241
1439.37,176.527
1439.4,176.647
1439.56,170.847
1439.75,151.277
1440.24,80.8459
1440.4,61.9017
1440.55,49.0351
1440.7,39.7469
1440.85,33.334
1440.98,29.3241
1441.19,25.4817
1441.44,22.7289
1441.75,20.7961
1442.26,18.867
1443.11,17.0237
1444.54,15.3737
1446.92,13.9934
1451.39,12.7286
1460.6,10.9161
1463.15,9.96789
1464.62,8.92342
1465.43,7.90034
1466.14,6.69984
1466.25,6.65597
1466.41,6.94804
1466.52,7.56633
1466.6,8.37891
1466.7,9.84862
1466.79,12.0524
1466.89,15.1883
1466.98,19.4534
1467.08,25.0226
1467.19,33.1319
1467.32,45.9104
1467.53,70.2064
1467.83,106.052
1468.02,121.648
1468.19,126.72
1468.21,126.723
1468.36,122.714
1468.55,109.057
1469.03,60.3066
1469.2,46.5974
1469.34,38.2098
1469.49,31.4419
1469.65,26.4367
1469.81,23.2119
1470.06,20.3991
1470.33,18.7138
1470.87,16.9621
1471.91,15.3464
1473.43,14.1898
1475.72,13.2997
1483.83,11.4173
1484.99,10.8206
1485.37,11.1655
1485.65,12.1809
1486.05,14.903
1486.41,17.1262
1486.61,17.5681
1486.89,17.0064
1487.54,13.7601
1488.0,12.3583
1488.8,11.3775
1490.1,9.92032
1490.49,9.56101
1490.66,9.75906
1490.82,10.5261
1490.95,11.7133
1491.07,13.487
1491.19,16.2772
1491.32,20.1163
1491.48,26.5004
1491.98,51.2421
1492.18,57.4329
1492.32,58.8502
1492.46,57.8105
1492.64,52.9472
1493.17,31.6673
1493.37,25.5281
1493.58,21.3501
1493.76,18.9321
1494.01,17.0582
1494.35,15.8504
1494.95,14.878
1496.35,13.911
1499.36,13.1239
1500.0,13.0522
1500.0,17.9301
1750.0,17.7673
2000.0,17.6521
2250.0,17.5712
2500.0,17.516
2625.0,17.2517
2750.0,17.0022
3000.0,16.5418
3500.0,15.745
4184.35,15.2443
4250.0,15.1962
5000.0,14.7649
5977.65,14.4038
6500.0,14.2108
7770.94,13.8771
8000.0,13.8169
9564.24,13.4467
9750.0,13.4028
11500.0,13.0773
13748.6,12.7599
15000.0,12.5833
17932.9,12.2801
20000.0,12.0665
23910.6,11.7524
25000.0,11.6649
28750.0,11.514
32500.0,11.3804
38854.7,11.1822
40000.0,11.1465
47821.2,10.9952
50000.0,10.953
59776.5,10.7858
60000.0,10.782
70000.0,10.6236
80000.0,10.4756
100000.0,10.2026
100000.0,11.187
227151.0,9.28338
495000.0,6.42748
560000.0,5.88327
770000.0,4.51972
1025000.0,4.09451
1160000.0,3.85065
1370000.0,3.65801
1740000.0,3.50939
3000000.0,4.07481
3876770.0,4.30499
3900000.0,4.30508
4000000.0,4.29792
4050000.0,4.29795
6100000.0,4.01306
7125000.0,3.60708
8100000.0,3.02312
1.01E7,2.52436
1.175E7,2.44017
1.275E7,2.51789
1.445E7,2.72423
1.475E7,2.72955
1.49E7,2.72825
1.5E7,2.72842
1.51E7,2.72813
1.58E7,2.78896
1.825E7,3.34231
2.1125E7,3.63175
2.375E7,3.70079
2.6E7,3.6144
3.0E7,3.20808
